No	GenomicLocus	uniqID	rsID	chr	pos	p	nSNPs	nGWASSNPs
1	1	1:33795572:A:G	rs10914684	1	33795572	5.158e-09	109	77
2	2	1:57862949:C:T	rs17425189	1	57862949	2.62e-09	3	3
3	3	1:61738636:C:T	rs446952	1	61738636	3.52e-09	15	14
4	4	1:66407352:A:G	rs7528604	1	66407352	5.306e-09	92	82
5	4	1:66407769:C:G	rs61799395	1	66407769	1.468e-09	78	65
6	5	1:91196176:C:T	rs12042107	1	91196176	3.221e-09	19	17
7	6	1:208718672:A:G	rs1891196	1	208718672	2.124e-10	21	16
8	7	2:32646847:A:G	rs176413	2	32646847	2.318e-09	70	52
9	8	2:44223131:C:T	rs11124961	2	44223131	8.84e-09	121	111
10	8	2:44271496:C:T	rs75120545	2	44271496	1.176e-08	5	3
11	8	2:44296002:G:T	rs62135521	2	44296002	1.499e-09	3	3
12	9	2:45138179:A:G	rs1629802	2	45138179	2.299e-13	10	10
13	9	2:45152522:A:T	rs4953148	2	45152522	1.426e-11	15	14
14	9	2:45154908:A:G	rs528301	2	45154908	3.129e-16	37	33
15	9	2:45160808:A:G	rs733872	2	45160808	5.166e-12	2	2
16	10	2:48778223:G:T	rs77428094	2	48778223	2.057e-08	6	4
17	11	2:60024857:C:G	rs7585579	2	60024857	3.484e-08	14	14
18	11	2:60167527:A:C	rs12621229	2	60167527	2.487e-08	52	47
19	11	2:60491602:A:C	rs4672373	2	60491602	8.28e-12	104	96
20	11	2:60522691:G:T	rs11687445	2	60522691	2.016e-09	80	72
21	12	2:62891474:A:G	rs6545969	2	62891474	7.519e-09	130	78
22	12	2:63248968:A:C	rs2710644	2	63248968	2.181e-12	76	62
23	12	2:63280690:C:T	rs2075375	2	63280690	1.198e-12	8	8
24	12	2:63360639:A:G	rs1025132	2	63360639	1.127e-10	94	76
25	12	2:63360865:C:T	rs6723846	2	63360865	4.902e-11	7	6
26	12	2:63367328:C:T	rs7566031	2	63367328	1.288e-12	10	8
27	12	2:63486777:A:C	rs1517406	2	63486777	2.921e-09	43	37
28	12	2:63507097:A:G	rs13020171	2	63507097	2.318e-09	482	396
29	13	2:74334462:A:G	rs828867	2	74334462	4.341e-13	1	1
30	14	2:77103474:C:T	rs10191141	2	77103474	8.547e-09	109	80
31	14	2:77113160:A:G	rs6743766	2	77113160	6.636e-09	111	85
32	15	2:104057364:C:T	rs1368546	2	104057364	8.077e-10	397	329
33	16	2:137542847:G:T	rs35702515	2	137542847	2.77e-09	147	129
34	17	2:146175106:G:T	rs2890772	2	146175106	3.52e-09	12	10
35	17	2:146240040:A:G	rs12995224	2	146240040	4.564e-09	14	13
36	18	2:155742894:C:T	rs2652434	2	155742894	6.636e-09	64	53
37	19	2:181920763:C:T	rs79719017	2	181920763	3.625e-08	312	246
38	20	2:202848662:A:G	rs56368231	2	202848662	1.913e-08	5	5
39	21	3:52838402:C:T	rs4687552	3	52838402	2.469e-09	373	287
40	21	3:52891756:A:T	rs7620706	3	52891756	1.394e-08	128	99
41	22	3:62390589:G:T	rs10866054	3	62390589	7.302e-10	1	1
42	23	3:70890207:A:G	rs934588	3	70890207	2.124e-10	20	17
43	23	3:70905581:A:G	rs2687195	3	70905581	9.14e-12	83	73
44	23	3:70922562:C:G	rs2597305	3	70922562	7.372e-09	3	3
45	23	3:70954273:C:G	rs11919835	3	70954273	6.341e-09	11	10
46	23	3:70994006:C:T	rs9847154	3	70994006	3.551e-10	3	2
47	23	3:71015644:C:T	rs3773497	3	71015644	7.767e-10	40	33
48	23	3:71019750:C:T	rs9874207	3	71019750	8.107e-09	2	1
49	23	3:71025076:A:G	rs6781897	3	71025076	1.338e-10	3	3
50	23	3:71034748:C:T	rs4676964	3	71034748	7.8e-18	8	6
51	23	3:71065947:C:T	rs3846030	3	71065947	8.545e-13	3	2
52	23	3:71074194:C:T	rs2177291	3	71074194	1.712e-09	2	2
53	24	3:82732583:C:T	rs66879815	3	82732583	1.453e-09	55	48
54	24	3:83298593:A:C	rs77238735	3	83298593	3.342e-08	3	3
55	24	3:83299520:C:T	rs80197980	3	83299520	1.769e-08	25	16
56	24	3:83638568:C:T	rs4856463	3	83638568	6.341e-09	41	37
57	24	3:83859526:A:T	rs4629351	3	83859526	2.344e-08	21	17
58	24	3:83869453:A:T	rs4552369	3	83869453	7.457e-10	51	45
59	24	3:83926444:G:T	rs4856475	3	83926444	1.03e-08	11	8
60	24	3:83946126:A:G	rs9857160	3	83946126	3.909e-08	23	17
61	25	3:84879887:A:G	rs13074892	3	84879887	3.767e-08	88	72
62	25	3:84979990:C:T	rs4115674	3	84979990	1.825e-12	24	19
63	25	3:85018612:A:G	rs1248857	3	85018612	3.742e-11	23	16
64	25	3:85049088:A:G	rs1872552	3	85049088	5.444e-13	60	47
65	25	3:85391672:A:G	rs9811546	3	85391672	1.544e-09	11	8
66	25	3:85394772:A:G	rs67028245	3	85394772	7.147e-10	3	1
67	25	3:85397049:C:T	rs76508707	3	85397049	2.817e-14	5	3
68	25	3:85399603:G:T	rs3887151	3	85399603	9.132e-09	10	9
69	25	3:85413180:C:T	rs12494242	3	85413180	3.759e-17	90	73
70	25	3:85451194:A:C	rs62250661	3	85451194	1.367e-16	4	2
71	25	3:85502845:A:T	rs13323436	3	85502845	2.919e-10	13	11
72	25	3:85531199:A:T	rs9841144	3	85531199	1.198e-21	169	137
73	25	3:85585677:A:G	rs66653632	3	85585677	2.62e-09	19	19
74	25	3:85624189:A:G	rs6790699	3	85624189	5.991e-27	559	427
75	25	3:85636711:A:G	rs1375567	3	85636711	1.736e-12	84	65
76	25	3:85648649:A:G	rs4856278	3	85648649	6.368e-18	1	1
77	25	3:85683600:A:G	rs9829032	3	85683600	1.627e-10	23	22
78	25	3:85698577:A:G	rs62261676	3	85698577	2.487e-08	20	16
79	25	3:85792137:C:T	rs7355953	3	85792137	1.07e-09	103	85
80	25	3:85958954:C:G	rs62261746	3	85958954	5.747e-10	36	33
81	25	3:86145281:A:T	rs113919848	3	86145281	2.057e-08	8	6
82	25	3:86155871:C:T	rs17025272	3	86155871	3.077e-10	78	52
83	25	3:86183716:A:T	rs56262138	3	86183716	2.016e-09	2	2
84	25	3:86189861:C:T	rs12494510	3	86189861	3.908e-11	8	5
85	25	3:86196664:C:T	rs11127920	3	86196664	2.921e-09	42	33
86	25	3:86249401:A:G	rs7636401	3	86249401	7.147e-10	30	25
87	26	3:94643907:A:G	rs11718065	3	94643907	4.615e-08	67	59
88	27	3:101181250:G:T	rs145898511	3	101181250	4.119e-12	7	7
89	28	3:117347179:C:T	rs9866901	3	117347179	3.909e-08	16	15
90	28	3:117364460:A:G	rs6789437	3	117364460	9.425e-09	22	21
91	28	3:117599116:C:T	rs9809760	3	117599116	1.132e-08	4	4
92	28	3:117623116:C:T	rs1463403	3	117623116	9.93e-10	107	92
93	28	3:117801808:A:T	rs723105	3	117801808	2.124e-10	107	78
94	28	3:117822149:C:T	rs6438436	3	117822149	4.266e-09	49	41
95	28	3:117843316:A:T	rs12695361	3	117843316	6.784e-09	24	20
96	29	3:127166397:C:G	rs28457046	3	127166397	1.19e-08	1	1
97	30	3:146964602:C:T	rs6807386	3	146964602	4.896e-08	6	5
98	30	3:147100140:A:C	rs9289747	3	147100140	2.487e-08	46	42
99	30	3:147106319:C:T	rs2279829	3	147106319	6.194e-09	4	3
100	31	4:47272392:A:G	rs10026884	4	47272392	3.625e-08	1	1
101	32	4:57727311:C:T	rs7684253	4	57727311	3.625e-08	4	3
102	32	4:57745463:A:G	rs4566710	4	57745463	3.2e-08	109	81
103	32	4:57747306:C:T	rs9684742	4	57747306	1.19e-08	163	125
104	32	4:57899602:C:T	rs2271808	4	57899602	2.2e-08	14	14
105	33	4:99713350:C:T	rs144198753	4	99713350	7.302e-10	2	2
106	33	4:100239319:C:T	rs1229984	4	100239319	3.696e-22	1	1
107	33	4:100249726:A:G	rs138495951	4	100249726	6.058e-10	10	8
108	34	4:103112470:A:G	rs6855246	4	103112470	6.046e-09	4	4
109	34	4:103188709:C:T	rs13107325	4	103188709	3.601e-13	5	5
110	34	4:103228830:C:T	rs13105581	4	103228830	1.088e-08	19	14
111	35	4:106195541:C:T	rs2726492	4	106195541	4.737e-11	22	15
112	35	4:106195572:A:G	rs2647244	4	106195572	1.804e-10	59	40
113	35	4:106199505:A:T	rs2647257	4	106199505	4.571e-11	90	56
114	36	4:110611198:G:T	rs5030594	4	110611198	2.2e-08	96	80
115	37	4:143622796:C:T	rs7680631	4	143622796	5.747e-10	77	64
116	37	4:143629150:A:G	rs1961836	4	143629150	4.191e-08	184	148
117	38	5:50572996:A:T	rs10939906	5	50572996	2.283e-10	17	11
118	38	5:50634878:C:T	rs6449586	5	50634878	3.767e-08	3	2
119	38	5:50747502:A:C	rs10939963	5	50747502	1.354e-10	94	76
120	38	5:50794221:C:T	rs1559278	5	50794221	1.392e-09	10	7
121	38	5:50943050:A:G	rs151801	5	50943050	8.84e-09	4	3
122	39	5:80263403:A:G	rs13357015	5	80263403	4.713e-09	6	5
123	40	5:103782048:A:G	rs7703284	5	103782048	7.203e-11	242	176
124	40	5:103944020:G:T	rs254024	5	103944020	1.426e-11	172	131
125	40	5:103948790:C:T	rs254019	5	103948790	5.602e-09	131	104
126	40	5:104037760:A:G	rs12055234	5	104037760	2.772e-08	33	24
127	41	5:166996722:C:T	rs1549212	5	166996722	4.266e-09	89	73
128	42	5:173283265:A:G	rs359443	5	173283265	6.214e-10	24	21
129	43	6:28414967:G:T	rs16894116	6	28414967	1.045e-08	83	63
130	43	6:28862617:C:G	rs209142	6	28862617	1.219e-08	201	163
131	43	6:29227117:A:G	rs2024679	6	29227117	1.625e-08	488	397
132	44	6:98344031:A:G	rs9372625	6	98344031	4.181e-10	136	112
133	44	6:98557732:A:G	rs56081191	6	98557732	3.909e-08	4	4
134	44	6:98591622:A:G	rs2388334	6	98591622	1.627e-10	33	19
135	44	6:98600835:A:T	rs9388206	6	98600835	8.986e-09	106	92
136	44	6:98791216:A:G	rs1376497	6	98791216	8.253e-09	20	16
137	45	6:111578490:G:T	rs240999	6	111578490	1.111e-10	1	1
138	45	6:111579998:C:T	rs241001	6	111579998	1.864e-09	41	33
139	45	6:111695887:A:G	rs462779	6	111695887	1.12e-11	106	86
140	45	6:111904528:C:T	rs174373	6	111904528	3.767e-08	30	24
141	46	7:1878453:A:T	rs1078112	7	1878453	1.437e-08	204	144
142	46	7:2056253:C:G	rs939946	7	2056253	4.191e-08	50	44
143	47	7:3534505:C:T	rs7794763	7	3534505	4.05e-08	10	10
144	47	7:3541273:A:C	rs28544580	7	3541273	3.057e-08	11	9
145	47	7:3609712:C:T	rs2141823	7	3609712	1.315e-09	40	35
146	47	7:3609821:C:G	rs10226719	7	3609821	1.354e-10	33	30
147	47	7:3613667:G:T	rs2178628	7	3613667	4.181e-10	6	6
148	47	7:3657577:C:T	rs1202221	7	3657577	1.263e-08	34	28
149	48	7:115057862:C:G	rs2401924	7	115057862	1.769e-08	69	58
150	49	7:127452420:C:G	rs141450	7	127452420	4.266e-09	91	78
151	49	7:127759841:G:T	rs322776	7	127759841	1.085e-09	39	35
152	50	7:153462806:C:T	rs2533148	7	153462806	2.77e-09	113	61
153	51	7:158111389:C:T	rs62479657	7	158111389	1.864e-09	75	56
154	52	8:59811724:G:T	rs13268621	8	59811724	1.988e-14	46	43
155	52	8:59815328:C:G	rs17231390	8	59815328	5.232e-11	23	18
156	53	8:92642528:A:G	rs10956804	8	92642528	1.712e-09	157	121
157	53	8:92690148:A:C	rs12678836	8	92690148	4.756e-08	44	33
158	53	8:92769569:A:G	rs62526122	8	92769569	8.986e-09	18	13
159	53	8:92773309:A:C	rs4440591	8	92773309	2.069e-11	46	25
160	53	8:92838655:C:T	rs7017906	8	92838655	2.63e-08	20	16
161	54	8:93184929:A:G	rs2930537	8	93184929	4.902e-11	38	35
162	55	9:10981069:A:T	rs6474609	9	10981069	1.193e-09	73	56
163	56	9:86703561:G:T	rs10780649	9	86703561	2.915e-08	8	6
164	56	9:86728457:C:T	rs10780650	9	86728457	2.76e-10	20	14
165	56	9:86762039:C:G	rs1246263	9	86762039	7.96e-09	13	8
166	57	9:109331094:G:T	rs74424378	9	109331094	1.769e-08	27	16
167	58	10:104225941:A:G	rs11592299	10	104225941	7.078e-09	5	4
168	58	10:104496598:A:G	rs9645569	10	104496598	3.968e-09	3	2
169	58	10:104574422:A:G	rs284855	10	104574422	1.059e-08	50	44
170	58	10:104640052:A:G	rs12244388	10	104640052	1.043e-15	191	148
171	58	10:104647849:C:T	rs12768205	10	104647849	6.177e-13	78	60
172	58	10:104855278:C:T	rs11191554	10	104855278	5.01e-09	115	89
173	58	10:104909339:G:T	rs2066322	10	104909339	6.37e-10	306	241
174	59	11:27677041:C:T	rs7124442	11	27677041	9.93e-10	32	26
175	59	11:27694241:C:G	rs2049045	11	27694241	3.409e-11	49	40
176	60	11:28588426:C:T	rs16918024	11	28588426	7.666e-09	1	1
177	60	11:28676861:A:G	rs4923555	11	28676861	1.392e-09	183	153
178	61	11:41418261:C:T	rs1506719	11	41418261	1.913e-08	16	14
179	62	11:47623890:C:T	rs12363232	11	47623890	1.254e-09	209	159
180	63	11:112788472:C:T	rs1447481	11	112788472	2.772e-08	1	1
181	63	11:112851068:C:G	rs2155290	11	112851068	4.109e-24	126	114
182	63	11:112854309:G:T	rs4444109	11	112854309	3.768e-12	42	28
183	63	11:112857329:A:C	rs67083804	11	112857329	1.132e-08	135	110
184	63	11:112912550:C:T	rs3802851	11	112912550	1.65e-14	12	6
185	63	11:112917378:C:T	rs12277922	11	112917378	6.384e-11	50	44
186	63	11:112950192:A:T	rs1261874	11	112950192	1.55e-14	61	52
187	63	11:113004699:A:T	rs2437692	11	113004699	3.057e-08	15	12
188	63	11:113006860:C:T	rs7112548	11	113006860	6.9e-12	30	25
189	64	12:108618630:C:T	rs3764002	12	108618630	6.931e-09	3	3
190	65	13:100745478:A:G	rs7986115	13	100745478	1.437e-08	31	23
191	66	14:98597552:C:T	rs1381287	14	98597552	4.817e-12	119	101
192	66	14:98614716:A:G	rs6575643	14	98614716	6.554e-12	132	112
193	66	14:98648957:G:T	rs857226	14	98648957	2.772e-08	2	2
194	66	14:98655131:C:T	rs1381274	14	98655131	6.36e-13	9	8
195	67	14:104620193:C:T	rs34161718	14	104620193	3.057e-08	7	5
196	68	15:47684936:C:T	rs34488670	15	47684936	7.936e-12	44	39
197	68	15:47685059:C:T	rs1025143	15	47685059	1.595e-10	114	92
198	69	15:91418297:A:T	rs8032315	15	91418297	5.602e-09	23	18
199	69	15:91426560:A:G	rs4702	15	91426560	1.147e-08	10	9
200	70	15:99196112:A:G	rs2017500	15	99196112	3.057e-08	7	5
201	70	15:99205224:C:T	rs12914977	15	99205224	2.016e-09	24	17
202	71	16:13671291:A:G	rs2903366	16	13671291	5.602e-09	31	26
203	71	16:13713926:A:T	rs2141998	16	13713926	2.487e-08	87	76
204	71	16:13747590:C:T	rs17199331	16	13747590	1.072e-12	86	69
205	71	16:13750219:C:T	rs7403809	16	13750219	5.902e-10	42	38
206	72	16:25351948:A:G	rs7200801	16	25351948	7.96e-09	34	25
207	73	16:28487213:G:T	rs151180	16	28487213	7.813e-09	342	226
208	73	16:28489342:A:G	rs28374519	16	28489342	1.913e-08	1	1
209	73	16:28545587:C:G	rs231976	16	28545587	4.713e-09	25	16
210	73	16:28620800:C:G	rs3760091	16	28620800	4.415e-09	2	2
211	74	16:49626772:A:G	rs55942317	16	49626772	4.756e-08	17	14
212	75	16:69627247:A:T	rs11648249	16	69627247	2.487e-08	134	114
213	75	16:69757681:C:T	rs1837016	16	69757681	6.548e-11	79	59
214	75	16:69974659:A:G	rs3748386	16	69974659	1.127e-10	98	48
215	76	16:71434161:A:G	rs11640031	16	71434161	1.913e-08	2	2
216	76	16:71587881:A:G	rs148582489	16	71587881	3.767e-08	26	23
217	76	16:71792696:A:C	rs12919271	16	71792696	1.48e-08	108	93
218	76	16:71992584:A:G	rs36182990	16	71992584	4.191e-08	76	60
219	76	16:71995315:A:C	rs12445043	16	71995315	2.601e-10	21	16
220	76	16:72006370:C:T	rs9922596	16	72006370	2.77e-09	17	17
221	76	16:72030074:C:T	rs7198936	16	72030074	3.909e-08	5	4
222	76	16:72048332:C:T	rs3764310	16	72048332	1.305e-10	40	34
223	76	16:72052299:A:G	rs75329497	16	72052299	5.602e-09	8	7
224	76	16:72053141:C:T	rs10048111	16	72053141	3.768e-12	92	80
225	76	16:72183543:A:G	rs3909543	16	72183543	2.167e-09	43	39
226	76	16:72193036:A:G	rs11648622	16	72193036	2.318e-09	5	3
227	76	16:72198642:A:G	rs3852785	16	72198642	1.864e-09	64	54
228	76	16:72214613:A:C	rs11075924	16	72214613	2.003e-12	71	63
229	76	16:72259718:C:G	rs72791135	16	72259718	1.03e-08	9	5
230	76	16:72505534:C:T	rs76513770	16	72505534	3.709e-10	30	24
231	76	16:72629056:C:G	rs114900182	16	72629056	4.495e-10	46	35
232	76	16:72934443:C:G	rs6499595	16	72934443	4.191e-08	3	3
233	77	17:43417273:G:T	rs17686238	17	43417273	5.158e-09	2	2
234	77	17:43460181:A:G	rs62064594	17	43460181	2.116e-15	180	117
235	77	17:43460891:A:G	rs61572747	17	43460891	3.551e-10	1	1
236	77	17:43467236:C:T	rs1234593	17	43467236	4.191e-08	31	23
237	77	17:43581752:C:T	rs541864622	17	43581752	4.341e-13	1	1
238	77	17:43739194:A:G	rs3843738	17	43739194	6.542e-13	2	1
239	77	17:43777313:A:G	rs1724422	17	43777313	1.948e-14	4	3
240	77	17:43783340:C:T	rs1526123	17	43783340	1.66e-13	1	1
241	77	17:43789710:C:G	rs113100008	17	43789710	1.411e-14	2	2
242	77	17:43798360:A:G	rs55938136	17	43798360	2.707e-28	1	1
243	77	17:43805194:G:T	rs9303521	17	43805194	6.659e-15	4	4
244	77	17:43809096:C:G	rs7225384	17	43809096	8.182e-13	8	8
245	77	17:43831562:C:T	rs8069449	17	43831562	2.016e-09	4	3
246	77	17:43854655:C:G	rs34186148	17	43854655	3.129e-16	4	3
247	77	17:43855571:C:T	rs6503450	17	43855571	9.775e-10	19	18
248	77	17:43898368:A:G	rs242937	17	43898368	1.411e-14	8	8
249	77	17:43926789:C:T	rs8064870	17	43926789	3.795e-15	19	18
250	77	17:43933307:C:T	rs7221167	17	43933307	3.943e-12	1	1
251	77	17:43934256:A:G	rs2316770	17	43934256	1.547e-10	7	7
252	77	17:43992943:A:G	rs9899833	17	43992943	1.508e-15	9	7
253	77	17:43996140:C:T	rs8080903	17	43996140	2.487e-08	10	8
254	77	17:44054696:A:G	rs754593	17	44054696	2.77e-09	1	1
255	77	17:44080354:C:T	rs2471739	17	44080354	2.915e-08	6	6
256	77	17:44083948:C:T	rs8067056	17	44083948	6.836e-10	9	1
257	77	17:44096553:A:G	rs62062288	17	44096553	1.021e-29	3839	2361
258	77	17:44189067:A:G	rs7225002	17	44189067	3.405e-14	19	5
259	77	17:44337760:A:G	rs56063140	17	44337760	3.576e-11	1	1
260	77	17:44576704:G:T	rs2942003	17	44576704	5.602e-09	48	4
261	77	17:44753025:C:T	rs199470	17	44753025	6.733e-23	5	2
262	77	17:44764775:A:C	rs199460	17	44764775	7.867e-22	3088	2001
263	77	17:44793283:C:T	rs17692129	17	44793283	3.342e-08	6	3
264	77	17:44863413:C:T	rs199500	17	44863413	4.207e-15	109	71
265	77	17:44865603:C:T	rs199498	17	44865603	1.026e-24	2290	1581
266	77	17:44874453:C:T	rs1563304	17	44874453	7.818e-13	2	2
267	78	17:65875587:A:G	rs11867618	17	65875587	1.016e-08	176	138
268	79	17:77768654:A:C	rs4889891	17	77768654	1.466e-08	11	9
269	80	17:79418599:C:T	rs28576195	17	79418599	4.474e-08	21	16
270	81	18:8379089:A:T	rs8082894	18	8379089	4.756e-08	10	10
271	82	18:49988592:C:T	rs55986545	18	49988592	2.344e-08	49	42
272	83	18:52982458:C:T	rs893946	18	52982458	4.191e-08	29	18
273	83	18:53059320:A:G	rs28602385	18	53059320	3.2e-08	44	34
274	83	18:53087984:A:T	rs72926982	18	53087984	8.4e-09	10	7
275	83	18:53151150:C:T	rs72930755	18	53151150	5.602e-09	35	32
276	83	18:53183396:A:G	rs624244	18	53183396	6.681e-10	1	1
277	84	22:42697216:A:G	rs6002676	22	42697216	2.344e-08	18	18
