No	GenomicLocus	uniqID	rsID	chr	pos	p	nSNPs	nGWASSNPs
1	1	8:42602668:A:T	rs60749569	8	42602668	1.95e-08	5	5
2	2	9:136440362:A:G	rs113048552	9	136440362	7.35e-17	3	1
3	2	9:136440766:A:G	rs111540753	9	136440766	1.73e-08	1	1
4	2	9:136455785:C:T	rs112151537	9	136455785	7.71e-12	1	1
5	2	9:136461381:A:G	rs10761413	9	136461381	7.21e-11	5	5
6	2	9:136464508:C:G	rs756771	9	136464508	7.46e-12	22	17
7	2	9:136465748:A:T	rs3025318	9	136465748	8.84e-09	21	17
8	2	9:136467344:C:G	rs3025327	9	136467344	1.96e-24	16	14
9	2	9:136468498:A:T	rs3025335	9	136468498	6.27e-09	1	1
10	2	9:136478442:A:G	rs1029372	9	136478442	5.61e-13	13	11
11	2	9:136482068:A:G	rs3025363	9	136482068	1.72e-15	11	10
12	2	9:136485598:A:G	rs7867984	9	136485598	5.17e-20	2	2
13	2	9:136486815:A:G	rs10993863	9	136486815	3.67e-11	1	1
14	2	9:136487323:C:T	rs6479629	9	136487323	3.16e-08	11	8
15	2	9:136503256:A:G	rs3025388	9	136503256	4.57e-08	7	7
16	2	9:136503819:C:T	rs2007153	9	136503819	2.36e-08	4	4
17	3	11:16379226:A:G	rs7127006	11	16379226	2.24e-08	24	21
18	4	15:76629609:G:T	rs3866543	15	76629609	5.02e-09	279	223
19	5	15:78849779:C:T	rs72740955	15	78849779	3.01e-09	89	67
20	5	15:78883813:A:G	rs518425	15	78883813	7.57e-11	66	50
21	6	19:41302706:C:T	rs7937	19	41302706	5.29e-11	10	8
22	6	19:41334371:C:T	rs2644891	19	41334371	3.05e-08	11	5
23	6	19:41335066:C:T	rs7255471	19	41335066	1.02e-11	5	3
24	6	19:41340983:C:T	rs11667314	19	41340983	3.84e-16	15	7
25	6	19:41351843:A:G	rs28399451	19	41351843	1.91e-10	32	22
26	6	19:41353107:C:T	rs56113850	19	41353107	2.52e-26	12	7
27	6	19:41354533:A:T	rs1801272	19	41354533	1.92e-10	3	2
28	6	19:41355195:C:G	rs7250713	19	41355195	2.58e-09	13	7
29	6	19:41357795:A:T	rs111822043	19	41357795	6.1e-09	6	6
30	6	19:41367769:C:T	rs12610432	19	41367769	2.44e-10	28	13
31	6	19:41375030:C:G	rs59586387	19	41375030	3.41e-11	13	11
32	6	19:41396565:C:T	rs145402786	19	41396565	4.17e-08	3	3
33	7	20:61977556:A:G	rs2236196	20	61977556	7.69e-12	1	1
34	7	20:61977723:A:G	rs4809294	20	61977723	6.19e-09	14	12
35	7	20:61984317:C:T	rs6011779	20	61984317	2.04e-16	7	4
36	7	20:61986787:C:G	rs4809542	20	61986787	2.91e-13	9	8
37	7	20:61992005:C:T	rs11697662	20	61992005	9.82e-15	2	2
38	7	20:62018289:A:T	rs6089904	20	62018289	6.53e-11	2	1
39	7	20:62157198:A:G	rs11699828	20	62157198	2.59e-08	3	2
40	8	22:41854446:C:T	rs9607805	22	41854446	2.97e-09	216	174
