Name	Coefficient	Coefficient_std_error	Coefficient_P_value
ACC_PV_0.875	9.20598487039e-08	2.43267305094e-08	7.70683231762e-05
VLPFC_PV_0.75	6.31412903949e-08	1.68101562193e-08	8.62772953292e-05
OFC_EXC_0.875	5.99475093375e-08	1.65879498146e-08	0.000150801578501
OFC_EXC_0.9375	6.39163402895e-08	1.79361680733e-08	0.000182940037365
DLPFC_EXC_0.875	5.91058696268e-08	1.69425974201e-08	0.000242782639621
DLPFC_EXC_0.5	4.99323729629e-08	1.44926834112e-08	0.000285159752483
VLPFC_SST_0.5	5.5814353881e-08	1.62448495888e-08	0.000295383360099
VLPFC_EXC_0.5	4.93618813415e-08	1.44420548835e-08	0.00031550078402
VLPFC_PV_0.875	6.7877676725e-08	1.99069696116e-08	0.000325119027211
OFC_EXC_0.5	4.69788932693e-08	1.41184751532e-08	0.000438182015285
ACC_EXC_0.75	5.9256515105e-08	1.79692124796e-08	0.000487454914939
ACC_EXC_0.9375	7.09649927736e-08	2.15317823083e-08	0.000490665102064
VLPFC_EXC_0.875	5.63182186208e-08	1.71006019926e-08	0.000495010795691
OFC_EXC_0.75	4.98437577761e-08	1.52690101653e-08	0.000548531486551
ACC_SST_0.75	6.87272338868e-08	2.14449811932e-08	0.000675742587842
DLPFC_EXC_0.9375	5.88524686471e-08	1.83960475452e-08	0.000689069306043
VLPFC_EXC_0.75	4.96103048003e-08	1.56273903675e-08	0.000750283504876
DLPFC_EXC_0.75	4.86982039388e-08	1.57430410745e-08	0.000989665600992
ACC_EXC_0.5	5.11117111482e-08	1.66122958107e-08	0.00104638958904
DLPFC_SST_0.5	5.06880610984e-08	1.65262036777e-08	0.00108061413818
ACC_PV_0.5	5.43709352855e-08	1.79380359959e-08	0.0012185578978
OFC_SST_0.5	4.75852547749e-08	1.57092836099e-08	0.0012263492217
ACC_VIP_0.75	7.02399495678e-08	2.32788110658e-08	0.00127504306934
OFC_EXC_0.984375	6.70312469472e-08	2.22397089312e-08	0.00128899302271
VLPFC_PV_0.5	4.63440674336e-08	1.54446173261e-08	0.00134696960307
DLPFC_PV_0.5	4.7111622355e-08	1.57781470064e-08	0.00141382704511
VLPFC_EXC_0.9375	5.15268652689e-08	1.74184382166e-08	0.00154730977108
ACC_EXC_0.875	5.64163754463e-08	1.91217977921e-08	0.00158696874265
VLPFC_SST_0.984375	8.54378504094e-08	2.9112871447e-08	0.00166929491475
STC_EXC_0.75	4.92853424907e-08	1.68535912703e-08	0.00172603238453
DLPFC_SST_0.75	5.39072750504e-08	1.84683520463e-08	0.00175634375106
DLPFC_VIP_0.5	5.03463556644e-08	1.72976828553e-08	0.00180377100126
ACC_SST_0.9375	8.05242676126e-08	2.78751490321e-08	0.00193389745855
VLPFC_SST_0.75	5.54167955992e-08	1.92615573223e-08	0.00200695026402
ACC_EXC_0.96875	6.34651876444e-08	2.21017334565e-08	0.00204262635906
DLPFC_EXC_0.96875	5.49580544353e-08	1.91456642146e-08	0.00204897200991
ACC_SST_0.5	5.23354911598e-08	1.83452694138e-08	0.00216675470267
STC_EXC_0.5	4.3158731194e-08	1.54811566406e-08	0.002653172838
ACC_VIP_0.5	5.30191739659e-08	1.90748273903e-08	0.00272182896919
VLPFC_EXC_0.96875	5.31678159681e-08	1.92503081262e-08	0.00287312555688
OFC_PV_0.5	4.25741576261e-08	1.54821329798e-08	0.00298076663573
DLPFC_PV_0.875	5.26653284137e-08	1.92727624941e-08	0.00314154381536
ACC_EXC_0.984375	6.52055481199e-08	2.40541439881e-08	0.00335623392951
OFC_SST_0.75	5.31057436127e-08	1.96756344622e-08	0.00347676829599
VLPFC_EXC_0.984375	5.79159627381e-08	2.14958454376e-08	0.00352697679145
STC_VIP_0.5	5.14736071207e-08	1.92171695558e-08	0.00369739618582
ACC_PV_0.75	5.46871161521e-08	2.04370248423e-08	0.00372661728633
ACC_PV_0.9375	7.61676504713e-08	2.86368652627e-08	0.00390963034845
OFC_VIP_0.75	5.10858849287e-08	1.92576094003e-08	0.00399178835346
STC_EXC_0.9375	5.15839925633e-08	1.97487900561e-08	0.00450061075831
OFC_EXC_0.96875	5.43078305203e-08	2.08228313354e-08	0.00455244271212
STC_EXC_0.875	4.58720958962e-08	1.78244775303e-08	0.00503312706915
STC_SST_0.5	4.58748297867e-08	1.79084835428e-08	0.00520917822566
VLPFC_VIP_0.75	5.05842882983e-08	1.97508467711e-08	0.00521676584601
DLPFC_PV_0.75	4.41620448149e-08	1.73353899456e-08	0.00542476805177
VLPFC_VIP_0.875	6.06480932926e-08	2.38849586288e-08	0.00555570909765
OFC_PV_0.75	4.38809787797e-08	1.73138350153e-08	0.00563126524689
ACC_VIP_0.875	7.03795486912e-08	2.79189916514e-08	0.00585361197066
VLPFC_VIP_0.5	4.42665470628e-08	1.75774396951e-08	0.00589492199113
STC_PV_0.875	5.27690406985e-08	2.10504697286e-08	0.00609170782157
OFC_SST_0.96875	6.81225179075e-08	2.72721146024e-08	0.00624689274497
VLPFC_SST_0.875	5.33791806337e-08	2.14115180799e-08	0.00633322066872
STC_PV_0.5	4.18981779901e-08	1.69772551457e-08	0.00679540286285
OFC_PV_0.875	4.96543505462e-08	2.02346894842e-08	0.00706538059843
DLPFC_EXC_0.984375	5.31771447859e-08	2.17205237312e-08	0.00717771750615
OFC_SST_0.875	5.18069296416e-08	2.1715499496e-08	0.00852304514686
OFC_SST_0.984375	7.25175248016e-08	3.04323645689e-08	0.00858824333019
ACC_SST_0.96875	7.35880179689e-08	3.15197360671e-08	0.00978046952106
NAC_PV_0.875	7.86646532341e-08	3.39654849413e-08	0.010278660049
PUT_D2_0.75	4.21710229305e-08	1.82114827246e-08	0.0102892889233
STC_SST_0.75	4.2961726043e-08	1.86540812114e-08	0.0106373450568
STC_EXC_0.984375	5.39169257724e-08	2.34257547206e-08	0.0106786186285
STC_EXC_0.96875	4.90570552924e-08	2.13163116762e-08	0.0106849191813
ACC_SST_0.875	5.47845774584e-08	2.38140207957e-08	0.0107094525239
DLPFC_VIP_0.9375	5.75972317139e-08	2.5160812321e-08	0.0110349058537
OFC_VIP_0.5	3.82824808152e-08	1.67835665007e-08	0.0112756944031
VLPFC_PV_0.9375	5.37943418577e-08	2.3708375264e-08	0.0116341137079
STC_VIP_0.75	5.04882579156e-08	2.25181799465e-08	0.012477101118
PUT_D2_0.5	3.99243965866e-08	1.81394938668e-08	0.0138692401785
OFC_PV_0.9375	4.76177178656e-08	2.18018891613e-08	0.0144770935884
STC_PV_0.75	3.92090455728e-08	1.80441230794e-08	0.0148918978249
PUT_D1_0.5	4.02820872768e-08	1.85532337924e-08	0.0149594417729
ACC_VIP_0.9375	6.82970281975e-08	3.21846991871e-08	0.0169174385686
DLPFC_SST_0.984375	5.38572532878e-08	2.57020048897e-08	0.0180655265957
VLPFC_SST_0.96875	5.65209117429e-08	2.71490120796e-08	0.0186768397349
NAC_PV_0.5	4.98208994317e-08	2.39741398697e-08	0.0188496151302
DLPFC_SST_0.875	4.23303261953e-08	2.04811816443e-08	0.0193769160484
OFC_SST_0.9375	4.90588178283e-08	2.37514978566e-08	0.0194376607696
VLPFC_VIP_0.9375	5.43264039009e-08	2.65160427175e-08	0.0202402188761
NAC_SST_0.875	6.00287986704e-08	2.96203181472e-08	0.0213512157759
NAC_SST_0.96875	7.37544443057e-08	3.66608122311e-08	0.0221201923129
ACC_SST_0.984375	6.96571475467e-08	3.49900578945e-08	0.0232531052058
OFC_VIP_0.875	4.2968797429e-08	2.17628235174e-08	0.0241674115928
PUT_PV_0.5	3.85222440006e-08	1.96597711265e-08	0.0250303363124
VLPFC_SST_0.9375	4.64451402732e-08	2.38469100017e-08	0.0257291664082
PUT_SST_0.5	3.82319210341e-08	1.96607270471e-08	0.0259125767976
NAC_D1_0.75	4.8523176271e-08	2.52050635412e-08	0.0271061704679
NAC_SST_0.75	5.13746139396e-08	2.71797805585e-08	0.0293671019031
OFC_VIP_0.9375	4.21362377039e-08	2.3094327387e-08	0.034036173888
NAC_D2_0.875	4.6952422586e-08	2.58427722229e-08	0.034620095926
NAC_D1_0.875	4.39232956726e-08	2.59667412149e-08	0.0453686422783
STC_SST_0.875	3.84932348272e-08	2.28071364153e-08	0.0457275502851
PUT_SST_0.75	3.59262287552e-08	2.15534165795e-08	0.047772503637
NAC_SST_0.5	3.9010565589e-08	2.34363278169e-08	0.0480028764806
STC_SST_0.9375	4.34671025838e-08	2.6119485989e-08	0.0480398518599
NAC_D1_0.5	3.6842354511e-08	2.239957435e-08	0.0500076740947
DLPFC_PV_0.9375	3.89069217814e-08	2.3707214549e-08	0.0503838997706
DLPFC_VIP_0.75	3.20796579209e-08	1.95497571877e-08	0.0504066378233
NAC_D2_0.9375	4.7074576959e-08	2.88505928343e-08	0.0513747667377
OFC_PV_0.96875	4.48876399706e-08	2.75580915873e-08	0.0516737619967
DLPFC_SST_0.9375	3.75031069589e-08	2.30561857016e-08	0.0519114300489
STC_SST_0.984375	5.41704284089e-08	3.36188359655e-08	0.0535558858064
NAC_D1_0.9375	4.91370214731e-08	3.07902618222e-08	0.0552597576846
STC_PV_0.96875	5.03969315355e-08	3.21962043423e-08	0.0587555167765
NAC_SST_0.9375	4.9265719312e-08	3.17336484109e-08	0.0602742165126
STC_SST_0.96875	4.43051985061e-08	2.86615706928e-08	0.0610758378501
PUT_D1_0.75	3.03706524145e-08	1.99892133971e-08	0.0643369519361
PUT_SST_0.984375	4.87654362255e-08	3.22006592182e-08	0.0649592266935
NAC_PV_0.75	3.7887818583e-08	2.57544813588e-08	0.0706299321873
NAC_D2_0.5	3.0902093735e-08	2.13843309807e-08	0.0742175456582
DLPFC_SST_0.96875	3.54671410558e-08	2.46189144805e-08	0.0748423566829
NAC_SST_0.984375	5.91570437106e-08	4.11921303974e-08	0.0754834034641
PUT_D2_0.9375	3.46228476151e-08	2.4234870279e-08	0.0765542064763
NAC_D2_0.96875	4.39795204811e-08	3.11100217081e-08	0.0787283886465
PUT_D2_0.984375	4.60544280575e-08	3.26020049842e-08	0.0788829134577
NAC_D2_0.75	3.12895719561e-08	2.24456114971e-08	0.0816561820583
STC_VIP_0.875	3.43991010605e-08	2.50749051825e-08	0.0850544955544
STC_PV_0.9375	3.36359924402e-08	2.56874716444e-08	0.0951940613914
ACC_VIP_0.96875	3.99597735069e-08	3.05466370083e-08	0.0954101622841
DLPFC_VIP_0.875	2.83697731083e-08	2.16957943002e-08	0.0955017517927
PUT_SST_0.9375	3.46135880926e-08	2.64890734118e-08	0.0956552836664
PUT_D2_0.96875	3.38741761074e-08	2.63478031955e-08	0.0992818047067
PUT_D2_0.875	2.62129078151e-08	2.09020990236e-08	0.104906434331
NAC_D2_0.984375	4.50939802793e-08	3.66644430544e-08	0.109365327312
STC_VIP_0.96875	3.54021227911e-08	3.05837716514e-08	0.123524676775
OFC_VIP_0.96875	3.02764252928e-08	2.63713991373e-08	0.125468166108
PUT_SST_0.96875	3.20283048062e-08	2.79309083984e-08	0.125753317435
PUT_PV_0.75	2.52806464523e-08	2.21254614553e-08	0.126601468589
NAC_D1_0.96875	3.81481109816e-08	3.34774277565e-08	0.127243710385
VLPFC_PV_0.96875	2.83455151416e-08	2.51377189863e-08	0.129742567486
PUT_SST_0.875	2.48061298968e-08	2.21406519831e-08	0.131274140614
ACC_PV_0.96875	3.44517352576e-08	3.10395700727e-08	0.133514698316
OFC_PV_0.984375	3.0970414846e-08	2.82960386827e-08	0.136864771523
PUT_PV_0.875	2.69715485456e-08	2.52078672218e-08	0.142317416481
STC_VIP_0.984375	3.68239030094e-08	3.48014094343e-08	0.145001445021
DLPFC_VIP_0.96875	2.70974638806e-08	2.6576322597e-08	0.153956912346
NAC_PV_0.984375	5.15714064257e-08	5.49139429876e-08	0.173831650341
ACC_VIP_0.984375	2.98585819821e-08	3.25219820809e-08	0.179282048327
STC_VIP_0.9375	2.51965932716e-08	2.75253830623e-08	0.179992196501
ACC_PV_0.984375	3.05964610619e-08	3.38356228085e-08	0.182926732867
NAC_D1_0.984375	3.60554047224e-08	4.01131098517e-08	0.184368035204
DLPFC_PV_0.96875	2.15353822657e-08	2.58994707783e-08	0.202845915944
DLPFC_VIP_0.984375	2.29390640181e-08	2.92824881094e-08	0.216704519827
VLPFC_PV_0.984375	2.18363715709e-08	2.86260572977e-08	0.222787016307
VLPFC_VIP_0.96875	1.8969902249e-08	2.66341454952e-08	0.238158103515
PUT_D1_0.875	1.61769321926e-08	2.33033464599e-08	0.243781772152
PUT_PV_0.9375	2.16211501017e-08	3.31115458914e-08	0.256884850293
NAC_PV_0.9375	2.4326835117e-08	3.76190711597e-08	0.25892526352
PUT_D1_0.96875	1.79800307383e-08	2.96083107993e-08	0.271838204526
VLPFC_VIP_0.984375	1.63037443117e-08	2.97459788008e-08	0.291811928087
PUT_D1_0.9375	1.2142238978e-08	2.5539009489e-08	0.317237081152
NAC_PV_0.96875	1.67126116863e-08	4.4304260167e-08	0.353003728617
STC_PV_0.984375	1.03071300172e-08	3.21572027108e-08	0.374285867206
PUT_PV_0.96875	1.24685387662e-08	3.99747823815e-08	0.377554419475
PUT_D1_0.984375	6.64557629289e-09	3.44300220237e-08	0.423472864348
OFC_VIP_0.984375	1.34945100004e-09	2.71409227919e-08	0.480172695833
DLPFC_PV_0.984375	-1.70026768576e-10	2.86635725917e-08	0.502366434567
PUT_PV_0.984375	-4.30570526579e-09	4.1868368792e-08	0.540954662834
