Name	Coefficient	Coefficient_std_error	Coefficient_P_value
OFC_SST_0.5	8.04335346459e-07	1.53746549663e-07	8.40396322064e-08
NAC_SST_0.5	7.41965111314e-07	1.48737634911e-07	3.04382768393e-07
VLPFC_EXC_0.5	6.01568091445e-07	1.20597897718e-07	3.04700613348e-07
NAC_D1_0.5	7.37400011751e-07	1.49033408811e-07	3.75123067454e-07
VLPFC_SST_0.5	6.93915504838e-07	1.4059518021e-07	3.99611974684e-07
DLPFC_SST_0.5	7.14278828652e-07	1.46702265243e-07	5.61102598861e-07
OFC_EXC_0.5	6.22633292039e-07	1.2982585296e-07	8.09684126984e-07
VLPFC_EXC_0.75	6.26043352308e-07	1.3147565002e-07	9.59998389136e-07
PUT_SST_0.875	7.59128647176e-07	1.62582538528e-07	1.5119533379e-06
NAC_D2_0.875	7.6894084915e-07	1.65169660888e-07	1.61628608366e-06
PUT_SST_0.75	7.17819601056e-07	1.54429093486e-07	1.67410059269e-06
PUT_D2_0.5	5.77021916511e-07	1.24352616997e-07	1.74029954993e-06
PUT_PV_0.5	6.2865105337e-07	1.35527487987e-07	1.75430879379e-06
VLPFC_EXC_0.875	6.48610517662e-07	1.40495163491e-07	1.9503539937e-06
PUT_SST_0.5	6.17279437276e-07	1.34208222127e-07	2.11838544513e-06
PUT_PV_0.75	7.58337786315e-07	1.65960762791e-07	2.44584603452e-06
PUT_D1_0.5	5.8556882957e-07	1.28492926294e-07	2.59191971915e-06
PUT_D1_0.75	6.16430978996e-07	1.35665353106e-07	2.76296173081e-06
OFC_PV_0.5	6.58229608085e-07	1.45286197565e-07	2.94120731188e-06
STC_EXC_0.5	6.35668869578e-07	1.41012457642e-07	3.27375094308e-06
NAC_D2_0.5	6.44455933569e-07	1.43084505278e-07	3.33394587483e-06
STC_SST_0.5	7.0609922327e-07	1.57355821678e-07	3.60695594807e-06
OFC_VIP_0.5	7.04403184989e-07	1.57429627196e-07	3.83130192037e-06
ACC_PV_0.5	6.82199418871e-07	1.52878566344e-07	4.05306729234e-06
OFC_SST_0.75	7.72006618823e-07	1.73190071643e-07	4.14472638819e-06
ACC_SST_0.5	7.14517734463e-07	1.60430309983e-07	4.21901533697e-06
DLPFC_EXC_0.875	6.43710926641e-07	1.45427862064e-07	4.79261218031e-06
DLPFC_EXC_0.75	6.09652344522e-07	1.37750465796e-07	4.80486845301e-06
DLPFC_EXC_0.9375	6.7215032959e-07	1.52029352115e-07	4.90798872344e-06
OFC_EXC_0.75	6.18906570714e-07	1.40041399785e-07	4.94752143395e-06
ACC_EXC_0.75	6.61075094587e-07	1.49861326845e-07	5.13888679445e-06
DLPFC_PV_0.75	6.95250801547e-07	1.5781195018e-07	5.27542578382e-06
STC_EXC_0.96875	8.68490123423e-07	1.97430910997e-07	5.4386141835e-06
STC_EXC_0.9375	7.8484910011e-07	1.79182871738e-07	5.92969306992e-06
NAC_D2_0.75	6.45805069431e-07	1.47838743816e-07	6.26066032242e-06
VLPFC_SST_0.9375	8.50449176044e-07	1.94779293518e-07	6.32076838626e-06
NAC_D1_0.75	7.30499890765e-07	1.67784649455e-07	6.69005579566e-06
VLPFC_EXC_0.9375	6.69049068684e-07	1.53745356524e-07	6.7552226936e-06
STC_VIP_0.5	6.98957746965e-07	1.61224475043e-07	7.27781062748e-06
VLPFC_VIP_0.5	6.40506437944e-07	1.48477271552e-07	8.02233878376e-06
OFC_PV_0.875	8.05569980097e-07	1.87361005908e-07	8.5568577334e-06
DLPFC_PV_0.5	6.0001257245e-07	1.3977142559e-07	8.82118518653e-06
OFC_EXC_0.984375	8.26223058975e-07	1.92552598283e-07	8.89770618781e-06
VLPFC_SST_0.75	6.82868643558e-07	1.5920612282e-07	8.96545072949e-06
VLPFC_SST_0.984375	9.23625596837e-07	2.15545427032e-07	9.13439676718e-06
PUT_D2_0.96875	8.21444919152e-07	1.91911991707e-07	9.33119892531e-06
NAC_SST_0.75	8.08404104956e-07	1.89053650554e-07	9.51164508865e-06
OFC_EXC_0.96875	7.64070225033e-07	1.78838985902e-07	9.66936790391e-06
OFC_EXC_0.875	6.41651517158e-07	1.50219311051e-07	9.71110359905e-06
OFC_PV_0.75	6.85986272118e-07	1.60714782379e-07	9.84639271721e-06
DLPFC_EXC_0.5	5.44343917399e-07	1.2755132786e-07	9.87732287354e-06
VLPFC_PV_0.75	6.57164873506e-07	1.54132083433e-07	1.00558313116e-05
PUT_D2_0.9375	6.95761663838e-07	1.63826949894e-07	1.0835959344e-05
STC_EXC_0.75	6.21778714705e-07	1.47741196316e-07	1.28497697878e-05
DLPFC_VIP_0.5	6.54177023267e-07	1.55501169e-07	1.29451926738e-05
PUT_PV_0.875	8.52130310556e-07	2.02574100907e-07	1.29671373978e-05
ACC_EXC_0.5	6.0578742619e-07	1.44256398304e-07	1.3382344501e-05
DLPFC_EXC_0.96875	7.04130358664e-07	1.67745335746e-07	1.34870270379e-05
STC_EXC_0.875	6.60178253749e-07	1.57464491495e-07	1.37916199757e-05
PUT_SST_0.9375	7.89888586294e-07	1.88798218887e-07	1.43356222494e-05
DLPFC_PV_0.875	7.54323285607e-07	1.80301812824e-07	1.43420203009e-05
PUT_D2_0.75	5.25684839198e-07	1.25741425863e-07	1.453184292e-05
OFC_SST_0.9375	9.29836825684e-07	2.22730405259e-07	1.49177129726e-05
OFC_EXC_0.9375	6.93912084561e-07	1.66288919152e-07	1.50353416731e-05
VLPFC_SST_0.96875	8.66874401424e-07	2.07933386793e-07	1.52969133496e-05
ACC_EXC_0.9375	7.5312548482e-07	1.81074653201e-07	1.59682908242e-05
ACC_EXC_0.875	6.73689402794e-07	1.62468879975e-07	1.68742801566e-05
NAC_PV_0.5	6.61974867859e-07	1.59963777292e-07	1.7495974346e-05
PUT_D1_0.875	6.07732389192e-07	1.47135247175e-07	1.81039723344e-05
VLPFC_SST_0.875	7.45307562797e-07	1.80826059752e-07	1.88057864012e-05
VLPFC_PV_0.5	5.37544330932e-07	1.30874576401e-07	2.00134503142e-05
DLPFC_SST_0.9375	8.77477894855e-07	2.15798333239e-07	2.3893576709e-05
PUT_D2_0.984375	8.9405303666e-07	2.19925888919e-07	2.39908205986e-05
OFC_SST_0.875	8.07476596244e-07	1.98800101824e-07	2.43529622557e-05
VLPFC_PV_0.875	6.9783245225e-07	1.72205671626e-07	2.53561407825e-05
STC_PV_0.5	6.22160837526e-07	1.53940901064e-07	2.65488006006e-05
PUT_SST_0.96875	8.30010174706e-07	2.06163120684e-07	2.83683351676e-05
OFC_VIP_0.75	7.53758237395e-07	1.87666710391e-07	2.95378396284e-05
OFC_SST_0.96875	8.64049589965e-07	2.15262144625e-07	2.98566145633e-05
VLPFC_EXC_0.96875	6.60270087039e-07	1.65186574488e-07	3.20592891066e-05
DLPFC_SST_0.75	6.55982362097e-07	1.66961607644e-07	4.2660323949e-05
ACC_VIP_0.5	6.72045291515e-07	1.71634135339e-07	4.50956313474e-05
STC_VIP_0.75	6.92426594845e-07	1.77317391647e-07	4.71102969555e-05
VLPFC_VIP_0.875	7.25644271659e-07	1.85961635849e-07	4.76772984207e-05
ACC_EXC_0.96875	7.20644389115e-07	1.84841515001e-07	4.83522548332e-05
ACC_PV_0.75	6.94925424295e-07	1.78544273736e-07	4.96749234848e-05
PUT_D2_0.875	5.75059032721e-07	1.4777174128e-07	4.98058281024e-05
NAC_D1_0.875	7.48270243199e-07	1.92765346003e-07	5.18500126369e-05
STC_SST_0.75	6.77977186397e-07	1.77539483036e-07	6.70674293201e-05
PUT_D1_0.984375	9.59322869256e-07	2.51657707785e-07	6.89193519435e-05
NAC_D2_0.9375	7.63435874055e-07	2.01891146329e-07	7.79671502764e-05
DLPFC_SST_0.875	7.30011837291e-07	1.93591578656e-07	8.13343811327e-05
STC_PV_0.875	7.14625603946e-07	1.90247647216e-07	8.62249375168e-05
VLPFC_VIP_0.75	6.15303116326e-07	1.63996889456e-07	8.77429320664e-05
PUT_D1_0.9375	6.23140211125e-07	1.66485452001e-07	9.09503749755e-05
STC_SST_0.9375	8.37316505818e-07	2.25421557637e-07	0.000101824134033
PUT_PV_0.9375	8.89043317904e-07	2.4037487751e-07	0.000108408766085
DLPFC_SST_0.96875	8.01424555447e-07	2.18150723568e-07	0.000119522596598
DLPFC_VIP_0.9375	8.24519418188e-07	2.24599313534e-07	0.000120769393114
OFC_SST_0.984375	8.43408267751e-07	2.29924386042e-07	0.000122132799937
ACC_SST_0.875	7.57307152706e-07	2.06963529642e-07	0.000126534820131
STC_SST_0.984375	9.00265769098e-07	2.47097999464e-07	0.000134553560181
DLPFC_VIP_0.75	6.64292641621e-07	1.82409300575e-07	0.000135385190986
STC_SST_0.96875	8.51957114913e-07	2.34380291519e-07	0.000139025388636
PUT_D1_0.96875	7.41443386997e-07	2.06142638194e-07	0.000161109388445
PUT_PV_0.96875	1.03053410522e-06	2.86678910375e-07	0.000162362286093
ACC_EXC_0.984375	7.44999560555e-07	2.07877032973e-07	0.000169284980053
STC_SST_0.875	7.28461978566e-07	2.03588616849e-07	0.000173045485127
ACC_PV_0.875	7.47812458989e-07	2.09434230839e-07	0.000178060815497
NAC_SST_0.875	7.34748853854e-07	2.05950339521e-07	0.000180131543013
ACC_SST_0.96875	8.58684133216e-07	2.42251529197e-07	0.000196606619299
DLPFC_EXC_0.984375	6.48912851792e-07	1.83444056675e-07	0.000202052571682
STC_EXC_0.984375	7.86852020997e-07	2.22494944952e-07	0.000202737913874
ACC_SST_0.75	6.79759102e-07	1.92661243486e-07	0.000209149950127
DLPFC_PV_0.9375	7.13973971371e-07	2.06596733628e-07	0.000274247501039
DLPFC_VIP_0.875	7.37890320231e-07	2.14635167369e-07	0.000293141855555
NAC_D2_0.96875	7.70149017854e-07	2.2538089264e-07	0.000316460289842
STC_VIP_0.875	7.03681908026e-07	2.07132271996e-07	0.000340322964886
ACC_VIP_0.75	7.17287876967e-07	2.11383624677e-07	0.000345280877183
ACC_SST_0.9375	8.06287994719e-07	2.38014492565e-07	0.00035258850736
ACC_SST_0.984375	9.06207583638e-07	2.68249991826e-07	0.000364782963245
VLPFC_EXC_0.984375	5.8833567897e-07	1.7585899433e-07	0.000410676735299
STC_PV_0.75	5.75359903532e-07	1.72412943621e-07	0.000423281500002
VLPFC_PV_0.9375	6.53261126217e-07	1.95974007711e-07	0.000428946755444
VLPFC_VIP_0.9375	6.36236909923e-07	2.0011908503e-07	0.000738177646281
NAC_D2_0.984375	8.33138186354e-07	2.66061706571e-07	0.000869957978236
NAC_PV_0.875	7.88521785601e-07	2.51901800901e-07	0.000873215108215
NAC_PV_0.75	6.34694469834e-07	2.04391720258e-07	0.000950479967441
OFC_VIP_0.875	5.84213559286e-07	1.89007815056e-07	0.000997588745132
STC_VIP_0.984375	7.67917577258e-07	2.4887719831e-07	0.00101595527568
STC_PV_0.9375	6.45620155672e-07	2.09742515624e-07	0.00104142969974
PUT_SST_0.984375	6.97143253019e-07	2.33289414785e-07	0.00140258176752
PUT_PV_0.984375	1.02192374825e-06	3.45328719322e-07	0.00154180297741
VLPFC_VIP_0.96875	6.54817991582e-07	2.22289952709e-07	0.00161069090044
STC_VIP_0.9375	6.93529483137e-07	2.35597815411e-07	0.00162156669394
STC_VIP_0.96875	6.97550953522e-07	2.3938599416e-07	0.0017846230973
VLPFC_PV_0.96875	6.60020425866e-07	2.3063119426e-07	0.00210621102183
NAC_SST_0.9375	6.75104133538e-07	2.35906651699e-07	0.00210659408481
DLPFC_PV_0.96875	6.25961490092e-07	2.18965502027e-07	0.00212675707164
DLPFC_PV_0.984375	6.94537329592e-07	2.49128408884e-07	0.00265280093285
STC_PV_0.96875	6.32880784994e-07	2.33942880676e-07	0.00341235114004
OFC_PV_0.9375	5.32878913185e-07	1.97091766855e-07	0.00342850876291
OFC_PV_0.96875	5.57039632106e-07	2.08732071656e-07	0.00380746952164
NAC_D1_0.96875	6.93760467891e-07	2.61844131467e-07	0.00403034628544
DLPFC_SST_0.984375	6.2633175264e-07	2.37525718409e-07	0.00418336497039
STC_PV_0.984375	7.00937932351e-07	2.66170017852e-07	0.00422646470042
DLPFC_VIP_0.984375	7.02688919402e-07	2.75001580333e-07	0.00530606938562
ACC_PV_0.9375	5.90227201191e-07	2.31963655857e-07	0.00547200745353
ACC_VIP_0.875	6.20334549743e-07	2.43835668507e-07	0.00547848577225
DLPFC_VIP_0.96875	6.20861482163e-07	2.46711635309e-07	0.00592555077699
VLPFC_PV_0.984375	6.25990549967e-07	2.50952339283e-07	0.00630744876635
NAC_SST_0.96875	6.43554467743e-07	2.6396818919e-07	0.00738438526246
OFC_PV_0.984375	5.87710188403e-07	2.41736625231e-07	0.0075244434845
VLPFC_VIP_0.984375	5.5298213282e-07	2.33698513597e-07	0.00898537726856
NAC_D1_0.9375	4.91150652592e-07	2.19507429951e-07	0.0126264265462
OFC_VIP_0.9375	4.37491945707e-07	2.04757100277e-07	0.0163136944657
NAC_PV_0.9375	6.39887960751e-07	3.04907739747e-07	0.0179248471666
ACC_PV_0.96875	5.53976246373e-07	2.70142108891e-07	0.0201488387323
NAC_PV_0.96875	7.38913258899e-07	3.62433658232e-07	0.020737266729
ACC_VIP_0.9375	4.67532859805e-07	2.46864598319e-07	0.0291202186266
NAC_D1_0.984375	6.48424162696e-07	3.43690101633e-07	0.0296034671416
ACC_PV_0.984375	5.47258060836e-07	2.90796745703e-07	0.0299230074858
OFC_VIP_0.96875	3.67139601467e-07	2.0756012957e-07	0.0384607151899
OFC_VIP_0.984375	4.14279759685e-07	2.39356886409e-07	0.0417434001736
NAC_PV_0.984375	7.37158885354e-07	4.59618963957e-07	0.0543737975863
NAC_SST_0.984375	4.68245864365e-07	2.95850850374e-07	0.0567438795748
ACC_VIP_0.96875	3.64008683578e-07	2.72392890926e-07	0.0907195830795
ACC_VIP_0.984375	2.98200256694e-07	2.77064848247e-07	0.14090029762
