Name	Coefficient	Coefficient_std_error	Coefficient_P_value
ACC_PV_0.984375	1.91679126835e-07	7.63554129588e-07	0.40089336472
DLPFC_VIP_0.96875	1.21756018031e-07	5.27612339595e-07	0.408747540688
DLPFC_VIP_0.9375	9.06780692667e-08	4.36346445426e-07	0.417687843902
ACC_PV_0.96875	7.67244092563e-08	5.96923833879e-07	0.448863593538
VLPFC_VIP_0.96875	-1.33125215526e-09	4.11541792016e-07	0.501290493103
DLPFC_VIP_0.984375	-1.94946395459e-08	6.36700361938e-07	0.512212999127
DLPFC_PV_0.96875	-3.66942283011e-08	4.93979375749e-07	0.529607364596
ACC_PV_0.9375	-3.48412995743e-08	4.6482448046e-07	0.529875067815
DLPFC_VIP_0.875	-3.0946020448e-08	3.44347473494e-07	0.535804177473
DLPFC_SST_0.9375	-3.92596953014e-08	3.81974226643e-07	0.540931609805
ACC_VIP_0.984375	-5.72556969581e-08	4.66806701655e-07	0.548809443923
VLPFC_PV_0.96875	-8.40090519346e-08	4.23450293107e-07	0.578630720839
VLPFC_VIP_0.9375	-7.12664042247e-08	3.49339390019e-07	0.580824557661
VLPFC_PV_0.984375	-1.02757583471e-07	4.95256487815e-07	0.582183888091
VLPFC_VIP_0.984375	-1.04802022259e-07	4.78285244351e-07	0.58672184411
ACC_PV_0.875	-8.63528861774e-08	3.31462003621e-07	0.602769126168
STC_VIP_0.875	-9.16433679964e-08	3.1688507085e-07	0.613786082201
NAC_PV_0.875	-8.67728218029e-08	2.77626642042e-07	0.622689556234
ACC_SST_0.96875	-1.26970963552e-07	3.74658720696e-07	0.63265658616
DLPFC_EXC_0.984375	-1.13258333223e-07	2.603405846e-07	0.668232976092
DLPFC_PV_0.875	-1.31043112208e-07	2.92712246229e-07	0.672810009551
ACC_VIP_0.9375	-1.54948275249e-07	3.37802166697e-07	0.676773514807
OFC_PV_0.96875	-2.09787873199e-07	4.55054116394e-07	0.677606945231
STC_SST_0.9375	-1.49603765071e-07	3.24061443143e-07	0.677834718925
VLPFC_SST_0.9375	-1.46932186231e-07	3.09621506758e-07	0.682447621035
DLPFC_PV_0.9375	-1.90048243489e-07	3.98515677553e-07	0.683279864547
ACC_VIP_0.96875	-1.95909941618e-07	3.91057664892e-07	0.691805486436
VLPFC_PV_0.9375	-1.70098414428e-07	3.29318728661e-07	0.697252989807
NAC_D1_0.984375	-2.20599169365e-07	3.89393115172e-07	0.714479988086
OFC_VIP_0.984375	-2.84582715546e-07	4.93770902619e-07	0.717809216137
ACC_VIP_0.875	-1.60734488358e-07	2.78045935883e-07	0.718397001654
OFC_VIP_0.9375	-1.98866615284e-07	3.43863252315e-07	0.718479505299
NAC_PV_0.75	-1.32841015658e-07	2.18962106204e-07	0.727969995911
STC_PV_0.875	-1.78154014059e-07	2.8350426339e-07	0.735128956314
DLPFC_SST_0.875	-1.90671405307e-07	2.96064089179e-07	0.740218998158
ACC_PV_0.75	-1.81375606685e-07	2.46201559958e-07	0.769346259332
ACC_EXC_0.9375	-2.01892000332e-07	2.56251649882e-07	0.784612498003
OFC_PV_0.9375	-2.64486648098e-07	3.3565268247e-07	0.784644967639
STC_VIP_0.75	-2.02429635211e-07	2.56189598519e-07	0.785281536615
ACC_SST_0.875	-2.11882451908e-07	2.62427658204e-07	0.790280167617
VLPFC_SST_0.875	-2.00720992264e-07	2.44985073079e-07	0.793697860661
ACC_SST_0.9375	-2.56891629266e-07	3.1265407206e-07	0.794361401887
OFC_SST_0.9375	-2.55761078689e-07	3.11014176463e-07	0.794559828853
VLPFC_PV_0.875	-2.02201746284e-07	2.44965745844e-07	0.795435864151
ACC_EXC_0.984375	-2.63898554797e-07	3.19186977811e-07	0.795820133081
ACC_EXC_0.96875	-2.30113800101e-07	2.77260948315e-07	0.796717570333
DLPFC_PV_0.75	-1.95610838821e-07	2.3237489637e-07	0.800047214468
ACC_SST_0.75	-2.32935199984e-07	2.66269926809e-07	0.809160949071
OFC_VIP_0.96875	-3.72068863406e-07	4.11613279605e-07	0.81698327061
OFC_VIP_0.875	-2.38489107607e-07	2.60556532788e-07	0.819984645805
STC_SST_0.875	-2.44726243125e-07	2.67356848626e-07	0.819997171318
DLPFC_VIP_0.75	-2.55665367168e-07	2.60675057975e-07	0.836649836219
OFC_VIP_0.75	-2.21535137796e-07	2.22660877433e-07	0.840118286205
VLPFC_VIP_0.875	-2.66008226805e-07	2.6392634302e-07	0.843245913273
NAC_SST_0.96875	-3.00935298299e-07	2.94670248776e-07	0.84643465325
OFC_PV_0.875	-2.51441506595e-07	2.4369560714e-07	0.848913609397
STC_PV_0.75	-2.29833776912e-07	2.19461434227e-07	0.852510785765
DLPFC_SST_0.75	-2.57068011164e-07	2.42828345315e-07	0.855118317215
ACC_EXC_0.875	-2.38326344171e-07	2.23240074011e-07	0.857144698166
STC_VIP_0.96875	-2.95794266986e-07	2.74925738686e-07	0.859015363213
VLPFC_PV_0.75	-2.0777579155e-07	1.8815713222e-07	0.865261425076
STC_VIP_0.9375	-2.49422752475e-07	2.2563583873e-07	0.865511547425
STC_EXC_0.984375	-3.07845193961e-07	2.74801747926e-07	0.868695243861
ACC_VIP_0.75	-2.67707004939e-07	2.37737348374e-07	0.869930371206
DLPFC_EXC_0.96875	-2.59662847252e-07	2.27783331914e-07	0.872847565996
PUT_SST_0.9375	-2.23364316912e-07	1.9518388727e-07	0.873766726945
OFC_EXC_0.984375	-2.71310702649e-07	2.36803908024e-07	0.87404425042
NAC_D1_0.96875	-3.45358908494e-07	3.0127763545e-07	0.874167467996
OFC_SST_0.875	-2.96549523208e-07	2.48280999644e-07	0.883841355322
VLPFC_EXC_0.984375	-2.76856251274e-07	2.2778312387e-07	0.887900447838
DLPFC_SST_0.96875	-2.78558618493e-07	2.27966979355e-07	0.889132060572
NAC_SST_0.984375	-4.44422091224e-07	3.56160367319e-07	0.893950511896
DLPFC_SST_0.984375	-3.18240620863e-07	2.52582425919e-07	0.896155866778
NAC_PV_0.984375	-5.6334420532e-07	4.29436715816e-07	0.905209771797
STC_SST_0.75	-3.09500006203e-07	2.29499755877e-07	0.911264903894
STC_EXC_0.75	-2.58647700443e-07	1.83979684221e-07	0.920115552523
DLPFC_EXC_0.9375	-2.9165014475e-07	2.05611469516e-07	0.92197068104
ACC_SST_0.984375	-3.74070173224e-07	2.55281018121e-07	0.928584140812
PUT_SST_0.984375	-3.49785352797e-07	2.38312116027e-07	0.928915492868
STC_EXC_0.9375	-3.09159918068e-07	2.08353647858e-07	0.931072047495
STC_EXC_0.875	-2.70932858841e-07	1.82131319505e-07	0.931567669758
STC_SST_0.5	-2.99580141498e-07	1.97576523747e-07	0.935274955561
STC_PV_0.5	-2.73521955879e-07	1.79775104302e-07	0.935928703666
STC_EXC_0.96875	-3.621286344e-07	2.36226166624e-07	0.937358902175
NAC_PV_0.9375	-4.69957459122e-07	3.02599237331e-07	0.939796660291
ACC_EXC_0.75	-3.03377646523e-07	1.9218494327e-07	0.942782795469
DLPFC_EXC_0.875	-2.83463170919e-07	1.78536140955e-07	0.943823752416
ACC_PV_0.5	-3.0923654015e-07	1.9282121071e-07	0.945615142611
OFC_PV_0.75	-2.96022264925e-07	1.84489369957e-07	0.945703472043
OFC_EXC_0.96875	-3.28627137624e-07	2.03767544785e-07	0.946601132737
VLPFC_EXC_0.9375	-2.80751462644e-07	1.72395584463e-07	0.948293773372
STC_VIP_0.5	-3.36547176439e-07	2.03446032294e-07	0.950959927898
OFC_SST_0.75	-3.32623218203e-07	2.00874335282e-07	0.951126648244
PUT_PV_0.75	-3.32119675669e-07	1.99492663555e-07	0.952025813551
VLPFC_EXC_0.875	-2.82671130255e-07	1.68849125995e-07	0.952944996512
NAC_PV_0.5	-3.0590668487e-07	1.82717020721e-07	0.952955344188
NAC_SST_0.9375	-4.06477243026e-07	2.41334639838e-07	0.953937070416
PUT_D1_0.984375	-4.27394243743e-07	2.53590061352e-07	0.954041837803
VLPFC_EXC_0.96875	-3.38294640373e-07	1.95067447758e-07	0.958562641197
ACC_SST_0.5	-3.54198102095e-07	2.02167498987e-07	0.960113369858
DLPFC_SST_0.5	-3.41252561869e-07	1.92847717998e-07	0.961598449719
DLPFC_PV_0.5	-3.14906565254e-07	1.77877083993e-07	0.96166644814
ACC_EXC_0.5	-3.10720801057e-07	1.74817200598e-07	0.962249107874
VLPFC_SST_0.75	-3.60198935404e-07	1.9957550095e-07	0.964448996622
VLPFC_VIP_0.75	-3.9031777951e-07	2.14664566039e-07	0.965488433713
PUT_D1_0.96875	-4.1487406704e-07	2.26887712727e-07	0.96626599316
NAC_SST_0.875	-4.1489061134e-07	2.26659212321e-07	0.966409405146
DLPFC_EXC_0.75	-3.25245160578e-07	1.76431050914e-07	0.967369712953
DLPFC_VIP_0.5	-3.77055784099e-07	2.02904994577e-07	0.968435890169
OFC_EXC_0.9375	-3.35757373686e-07	1.79602511839e-07	0.969219673328
NAC_D2_0.5	-2.95639176925e-07	1.52221105259e-07	0.973941703595
PUT_PV_0.5	-3.16503668491e-07	1.62766823263e-07	0.974083732382
STC_EXC_0.5	-3.16903240759e-07	1.62097004048e-07	0.974709774728
PUT_SST_0.96875	-3.93148225107e-07	2.00845144058e-07	0.974853847414
STC_SST_0.96875	-3.90620652628e-07	1.99102822203e-07	0.975113177556
DLPFC_PV_0.984375	-5.20376676006e-07	2.62814050024e-07	0.976149273937
NAC_D2_0.984375	-5.02620700821e-07	2.50106939769e-07	0.977764456398
NAC_SST_0.75	-3.88882742102e-07	1.90570134524e-07	0.979356088856
NAC_D1_0.5	-3.4173031017e-07	1.63768069351e-07	0.981541121064
NAC_D2_0.96875	-5.09182481685e-07	2.4217524052e-07	0.982246883071
VLPFC_VIP_0.5	-3.73525919032e-07	1.77416811606e-07	0.982369925333
DLPFC_EXC_0.5	-3.32095675276e-07	1.5379019984e-07	0.984590707731
VLPFC_SST_0.984375	-4.4945471631e-07	2.07023086993e-07	0.985035800257
OFC_SST_0.984375	-4.81023638048e-07	2.20637068869e-07	0.985377118657
PUT_SST_0.875	-3.76665602517e-07	1.69330860973e-07	0.986940425982
PUT_D1_0.75	-3.47736642606e-07	1.56164283565e-07	0.987017540776
STC_PV_0.984375	-6.00474767569e-07	2.6928015017e-07	0.987123817006
PUT_SST_0.5	-3.28107097621e-07	1.47095299363e-07	0.987145352888
NAC_D1_0.9375	-5.36307410297e-07	2.4025111043e-07	0.987201722031
STC_PV_0.96875	-5.35921295902e-07	2.39399262688e-07	0.987409309384
STC_SST_0.984375	-4.81073883153e-07	2.14642485674e-07	0.987496024092
OFC_EXC_0.875	-3.58326071817e-07	1.5972040557e-07	0.987566362449
NAC_PV_0.96875	-7.74745760398e-07	3.4017358189e-07	0.988621845179
PUT_D2_0.5	-3.26921299328e-07	1.43004674494e-07	0.988875450497
STC_VIP_0.984375	-5.36384057681e-07	2.34486258091e-07	0.988916267283
VLPFC_PV_0.5	-3.53276532535e-07	1.54086396137e-07	0.989067854519
ACC_VIP_0.5	-4.19836917322e-07	1.79728407753e-07	0.99025312597
STC_PV_0.9375	-4.8065474961e-07	2.03666886162e-07	0.990862641105
PUT_D1_0.5	-3.46411993067e-07	1.46008032426e-07	0.99116721814
VLPFC_SST_0.5	-3.83321545093e-07	1.61273492437e-07	0.991269207509
VLPFC_EXC_0.5	-3.4777990019e-07	1.43699082729e-07	0.992243921553
PUT_PV_0.9375	-6.02889373824e-07	2.46387304923e-07	0.992795806446
OFC_SST_0.5	-3.90206705615e-07	1.59248087337e-07	0.992863277351
NAC_D1_0.75	-4.33470724296e-07	1.76679901276e-07	0.992924829712
NAC_D2_0.75	-4.39520928937e-07	1.78757218259e-07	0.993029092431
NAC_D2_0.875	-5.17003716346e-07	2.08927748059e-07	0.993329931901
PUT_PV_0.875	-5.12312475669e-07	2.04786807743e-07	0.993819841012
NAC_SST_0.5	-3.98846915471e-07	1.58716789236e-07	0.994013637838
NAC_D2_0.9375	-5.53990685666e-07	2.16732285045e-07	0.994707455976
OFC_VIP_0.5	-4.23962433976e-07	1.64568005268e-07	0.995005562916
VLPFC_EXC_0.75	-3.91783661973e-07	1.50899982487e-07	0.995288497757
OFC_PV_0.984375	-6.80811002882e-07	2.61595714027e-07	0.995373080025
PUT_D2_0.75	-3.79229713952e-07	1.45183189864e-07	0.99550030477
VLPFC_SST_0.96875	-4.99625008766e-07	1.91216479908e-07	0.995510810409
PUT_SST_0.75	-4.25423893951e-07	1.62527538185e-07	0.995571819304
PUT_D1_0.875	-5.15220182089e-07	1.92933885396e-07	0.996212510825
OFC_EXC_0.75	-3.91422432722e-07	1.44307722265e-07	0.996660254672
PUT_D2_0.875	-4.80772601313e-07	1.73281314562e-07	0.997235844561
PUT_PV_0.96875	-7.03897227141e-07	2.4744107282e-07	0.99777738188
PUT_D2_0.96875	-5.57567078102e-07	1.95767638923e-07	0.997800989552
OFC_PV_0.5	-4.16149450461e-07	1.43331685554e-07	0.99815433547
NAC_D1_0.875	-5.97024199933e-07	2.04107906343e-07	0.998277951356
PUT_D2_0.9375	-5.65012340282e-07	1.91148761482e-07	0.998441095974
OFC_SST_0.96875	-5.93913877027e-07	1.91744056616e-07	0.999023968976
PUT_D1_0.9375	-6.62508163747e-07	2.08619724076e-07	0.999252554933
PUT_PV_0.984375	-9.07560073003e-07	2.82681231538e-07	0.999337576337
OFC_EXC_0.5	-4.15272203055e-07	1.278625402e-07	0.999418498975
PUT_D2_0.984375	-7.72623924669e-07	1.93604287005e-07	0.99996706595
