No	GenomicLocus	uniqID	rsID	chr	pos	p	nSNPs	nGWASSNPs
1	1	1:8481016:G:T	rs301805	1	8481016	2.8e-09	142	115
2	2	1:43950265:C:G	rs2782653	1	43950265	5.77e-10	3	3
3	2	1:44011737:A:G	rs951740	1	44011737	3.54e-17	134	122
4	2	1:44037685:A:G	rs3001723	1	44037685	8.12e-18	49	41
5	2	1:44070032:A:G	rs530373	1	44070032	2.56e-13	38	31
6	2	1:44071853:C:T	rs512579	1	44071853	1.58e-10	1	1
7	2	1:44080412:C:T	rs588657	1	44080412	4.3e-13	155	112
8	2	1:44171211:C:T	rs56319043	1	44171211	5.41e-10	112	92
9	3	1:49396989:C:G	rs1343432	1	49396989	2e-08	13	9
10	4	1:50625979:C:T	rs6669839	1	50625979	3.36e-09	13	10
11	5	1:66334518:C:T	rs35825384	1	66334518	5.8e-09	14	7
12	5	1:66380392:C:T	rs11208769	1	66380392	1.39e-08	17	17
13	5	1:66407700:A:C	rs12088813	1	66407700	5.4e-11	124	104
14	5	1:66470206:A:T	rs2186122	1	66470206	3.61e-13	97	85
15	5	1:66485442:A:C	rs12727285	1	66485442	5.16e-10	95	84
16	5	1:66546376:A:G	rs7539350	1	66546376	2.69e-08	54	47
17	6	1:73065502:A:C	rs61774463	1	73065502	1.71e-08	122	99
18	6	1:73309005:A:G	rs12144768	1	73309005	1.39e-08	2	1
19	6	1:73450851:A:G	rs6659679	1	73450851	2.5e-09	711	546
20	6	1:73594343:C:T	rs12116628	1	73594343	1.7e-08	1	1
21	6	1:73749926:C:T	rs12139556	1	73749926	7.21e-09	2	1
22	6	1:73766037:C:T	rs7555507	1	73766037	1.14e-11	544	404
23	6	1:73839921:C:T	rs1923224	1	73839921	2.05e-11	269	208
24	6	1:74083684:C:G	rs115811684	1	74083684	1.36e-08	6	3
25	7	1:74999713:A:G	rs2344508	1	74999713	8.82e-10	60	51
26	8	1:87905828:C:G	rs2050586	1	87905828	3e-08	48	40
27	9	1:91191582:A:G	rs72720396	1	91191582	2.91e-08	7	7
28	9	1:91196176:C:T	rs12042107	1	91196176	4.22e-10	19	17
29	9	1:91200191:C:T	rs4146669	1	91200191	1.49e-08	18	16
30	9	1:91214714:A:C	rs12133063	1	91214714	1.59e-09	46	43
31	10	1:154206358:C:T	rs12027999	1	154206358	5.76e-10	49	38
32	11	1:210304319:C:T	rs2046850	1	210304319	3.03e-08	14	9
33	12	2:623976:C:T	rs6728726	2	623976	6.73e-14	236	189
34	12	2:657578:C:G	rs7574085	2	657578	6.23e-09	1	1
35	13	2:45112453:A:G	rs11692742	2	45112453	5.3e-13	3	2
36	13	2:45130410:A:C	rs528483	2	45130410	2.27e-11	7	7
37	13	2:45132047:A:G	rs163522	2	45132047	1.17e-11	28	25
38	13	2:45156324:A:G	rs13386862	2	45156324	9.84e-12	14	13
39	13	2:45159091:A:G	rs1004787	2	45159091	5.27e-17	30	27
40	13	2:45179269:A:G	rs2276588	2	45179269	1.66e-09	1	1
41	13	2:45182968:C:T	rs984494	2	45182968	1.01e-10	13	10
42	13	2:45194289:A:G	rs163507	2	45194289	3.06e-08	2	2
43	14	2:51341259:C:T	rs10490159	2	51341259	2.59e-09	61	61
44	15	2:57995348:A:C	rs13016665	2	57995348	3.69e-08	1	1
45	15	2:58171220:A:C	rs1518393	2	58171220	2.03e-08	209	169
46	16	2:60024857:C:G	rs7585579	2	60024857	1.88e-09	14	13
47	17	2:60475008:A:G	rs359240	2	60475008	2.37e-08	60	53
48	17	2:60526747:G:T	rs1029984	2	60526747	6.26e-09	83	77
49	18	2:104088751:A:G	rs266047	2	104088751	3.36e-16	506	404
50	18	2:104375723:A:T	rs650576	2	104375723	7.1e-13	438	353
51	18	2:104433256:C:T	rs62151809	2	104433256	2.77e-11	131	105
52	19	2:137542847:G:T	rs35702515	2	137542847	2.43e-09	147	129
53	19	2:137621738:G:T	rs1346733	2	137621738	9.63e-09	141	121
54	20	2:145400317:A:G	rs1427499	2	145400317	1.08e-08	51	38
55	20	2:145652706:G:T	rs57969627	2	145652706	7.69e-10	61	49
56	20	2:145690649:A:G	rs75153133	2	145690649	6.03e-09	31	26
57	20	2:145770965:A:G	rs2250518	2	145770965	3.09e-09	31	26
58	20	2:145917036:A:G	rs274845	2	145917036	6.62e-11	71	51
59	20	2:146006855:A:G	rs17409360	2	146006855	6.1e-12	10	10
60	20	2:146015334:A:G	rs6756883	2	146015334	3.17e-09	10	5
61	20	2:146050106:A:C	rs36081742	2	146050106	4.37e-11	14	13
62	20	2:146101224:C:T	rs10187072	2	146101224	8.54e-16	20	20
63	20	2:146122776:C:T	rs72861745	2	146122776	2.9e-12	18	17
64	20	2:146134774:C:T	rs17410058	2	146134774	4.22e-16	5	5
65	20	2:146143090:A:G	rs13030994	2	146143090	3.56e-24	64	61
66	20	2:146272860:C:T	rs34570306	2	146272860	4.7e-20	10	9
67	20	2:146309983:A:G	rs17482414	2	146309983	1.25e-08	9	8
68	20	2:146335486:A:T	rs953246	2	146335486	7.74e-11	1	1
69	21	2:155664656:A:G	rs62170823	2	155664656	4.67e-08	40	29
70	21	2:155682556:C:T	rs1445649	2	155682556	1.68e-11	64	53
71	22	2:162101261:A:G	rs11678980	2	162101261	1.19e-08	10	10
72	23	2:162802993:G:T	rs12474587	2	162802993	1.25e-14	49	40
73	23	2:162899803:C:T	rs12995983	2	162899803	7.71e-10	1	1
74	23	2:162910403:A:G	rs4664446	2	162910403	4.78e-10	1	1
75	24	2:182034448:C:T	rs6433897	2	182034448	3.16e-08	354	287
76	25	2:200937901:C:G	rs2107300	2	200937901	3.27e-08	8	6
77	26	2:226332033:A:G	rs4674993	2	226332033	1.32e-08	71	61
78	27	3:5725560:C:T	rs11721059	3	5725560	2.17e-08	40	32
79	28	3:47606215:A:G	rs11716779	3	47606215	4.88e-08	376	286
80	29	3:49834571:A:G	rs6809879	3	49834571	1.89e-08	105	79
81	29	3:49898318:C:G	rs62260755	3	49898318	6.45e-10	31	23
82	29	3:50224225:A:G	rs12632110	3	50224225	4.78e-10	40	36
83	30	3:52886605:C:T	rs2276825	3	52886605	2.38e-08	149	117
84	31	3:75009019:A:C	rs11712680	3	75009019	3.51e-09	94	76
85	32	3:85411193:G:T	rs9990096	3	85411193	1.08e-10	23	21
86	32	3:85451194:A:C	rs62250661	3	85451194	3.46e-09	4	2
87	32	3:85615144:A:G	rs9810724	3	85615144	2.64e-15	169	134
88	32	3:85624131:A:T	rs6788098	3	85624131	1.91e-17	554	422
89	32	3:85648649:A:G	rs4856278	3	85648649	1.66e-08	1	1
90	32	3:85653405:C:G	rs62263913	3	85653405	4.13e-12	83	67
91	32	3:85809425:C:T	rs13068138	3	85809425	1.67e-10	59	45
92	32	3:85902468:A:C	rs57533494	3	85902468	4.98e-13	76	64
93	32	3:85964737:A:G	rs10084664	3	85964737	1.96e-08	152	122
94	32	3:85994127:A:G	rs9812779	3	85994127	2.38e-08	102	72
95	32	3:86149109:A:T	rs73138150	3	86149109	8.24e-10	30	16
96	33	3:117800545:G:T	rs1392265	3	117800545	3.94e-08	107	78
97	33	3:117804154:A:G	rs1154693	3	117804154	3.12e-11	135	120
98	33	3:117942839:C:T	rs9875601	3	117942839	1.62e-08	93	80
99	34	4:28246049:C:T	rs59537158	4	28246049	4.28e-08	77	67
100	34	4:28423471:A:G	rs11931423	4	28423471	6.98e-09	137	93
101	34	4:28456089:C:T	rs292071	4	28456089	4.08e-09	156	121
102	34	4:28597991:C:T	rs2471691	4	28597991	2.33e-08	140	118
103	35	4:67825894:C:T	rs993700	4	67825894	1.53e-09	52	43
104	35	4:67872428:A:G	rs987811	4	67872428	5.42e-09	21	15
105	35	4:68016609:C:T	rs72636697	4	68016609	8.03e-09	68	54
106	36	4:94052854:C:G	rs1160685	4	94052854	7.2e-09	201	157
107	37	4:139711726:G:T	rs13136052	4	139711726	3.35e-08	25	21
108	38	4:140887493:A:T	rs1355334	4	140887493	9.59e-11	75	61
109	38	4:140940476:A:T	rs34973539	4	140940476	2.52e-08	49	39
110	38	4:140946828:C:T	rs17314804	4	140946828	7.36e-10	49	42
111	39	4:147797214:A:G	rs10001365	4	147797214	6.65e-12	98	82
112	39	4:147818465:C:T	rs34470581	4	147818465	5.06e-10	184	149
113	39	4:147946604:C:T	rs10019569	4	147946604	1.84e-09	20	15
114	39	4:147948150:A:G	rs3827592	4	147948150	1.98e-11	124	103
115	39	4:147979721:C:T	rs7674049	4	147979721	3.78e-10	1	1
116	39	4:147985231:C:T	rs28717373	4	147985231	1.57e-10	7	4
117	40	5:60374912:A:G	rs6893752	5	60374912	3.25e-09	99	71
118	41	5:87753842:A:G	rs35301639	5	87753842	9.73e-10	199	161
119	41	5:87756918:C:T	rs4571506	5	87756918	1.09e-14	54	45
120	41	5:87847273:A:T	rs12653396	5	87847273	1.39e-10	3	3
121	41	5:87896602:C:T	rs324886	5	87896602	1.37e-08	50	44
122	42	5:94202167:C:T	rs27003	5	94202167	2.64e-10	5	3
123	42	5:94222408:C:G	rs40590	5	94222408	9.41e-10	4	2
124	43	5:103816655:G:T	rs12186738	5	103816655	3.42e-11	225	164
125	44	5:106829219:A:G	rs17534089	5	106829219	5.01e-10	27	22
126	44	5:106830575:A:C	rs25973	5	106830575	1.75e-08	27	24
127	45	5:154839646:C:T	rs1385108	5	154839646	3e-09	204	152
128	46	5:157743295:C:T	rs11135030	5	157743295	4.41e-09	131	106
129	47	5:166987039:A:G	rs13157086	5	166987039	9.71e-09	9	8
130	47	5:166989513:A:G	rs4044321	5	166989513	6.08e-14	87	72
131	47	5:167006009:C:T	rs1024993	5	167006009	3.79e-11	80	65
132	48	6:52916062:A:T	rs222449	6	52916062	1.08e-08	49	32
133	49	6:67405337:C:T	rs10498846	6	67405337	6.62e-09	64	51
134	50	6:69470709:A:G	rs10945141	6	69470709	4.18e-08	9	8
135	51	6:93842446:C:T	rs12662631	6	93842446	4.26e-08	6	4
136	52	6:98748008:A:G	rs9401770	6	98748008	3.47e-12	106	92
137	52	6:98831636:C:G	rs9375403	6	98831636	3.23e-08	72	58
138	52	6:98887788:C:T	rs2088088	6	98887788	3.63e-11	90	72
139	52	6:98892535:G:T	rs1119264	6	98892535	7.61e-11	43	34
140	53	6:101270345:A:G	rs846799	6	101270345	3.87e-09	377	308
141	53	6:101347446:C:T	rs9390702	6	101347446	1.48e-08	167	132
142	54	6:108994161:A:G	rs3800227	6	108994161	1.93e-08	52	45
143	54	6:109019606:C:T	rs531111	6	109019606	2.17e-08	25	23
144	55	6:111455121:A:G	rs142570493	6	111455121	1.47e-08	3	3
145	55	6:111578490:G:T	rs240999	6	111578490	1.07e-16	1	1
146	55	6:111612446:A:G	rs173285	6	111612446	7.99e-11	9	7
147	55	6:111644332:C:T	rs240963	6	111644332	2.16e-17	93	77
148	55	6:111779341:C:T	rs118081854	6	111779341	3.47e-09	2	1
149	55	6:111874669:A:G	rs9487668	6	111874669	5.72e-15	88	73
150	55	6:111884528:G:T	rs77000205	6	111884528	2.44e-11	14	13
151	55	6:111904528:C:T	rs174373	6	111904528	1.09e-14	30	24
152	55	6:111919361:A:G	rs174397	6	111919361	9.4e-09	8	5
153	55	6:111924770:C:T	rs174401	6	111924770	1.64e-13	25	20
154	55	6:111933220:A:G	rs174410	6	111933220	2.69e-08	13	10
155	55	6:111935682:G:T	rs6926543	6	111935682	6.14e-09	1	1
156	56	7:1648737:G:T	rs4725257	7	1648737	3.09e-09	17	10
157	56	7:1695215:A:T	rs4725299	7	1695215	1.38e-10	38	33
158	56	7:1706527:A:G	rs10256087	7	1706527	1.93e-09	27	16
159	56	7:1708080:G:T	rs4236259	7	1708080	3.35e-12	44	33
160	56	7:1712820:G:T	rs1881865	7	1712820	1.08e-09	11	8
161	56	7:1714703:C:T	rs10270726	7	1714703	3.84e-09	9	7
162	56	7:1844893:A:G	rs35109831	7	1844893	2.26e-08	56	44
163	56	7:1870794:G:T	rs6948707	7	1870794	4.5e-10	134	105
164	57	7:3406478:A:G	rs4549681	7	3406478	2.29e-10	261	225
165	57	7:3505935:A:G	rs1357311	7	3505935	1.18e-08	178	138
166	58	7:69198063:C:T	rs585282	7	69198063	1.75e-08	316	250
167	58	7:69735251:A:G	rs12112638	7	69735251	1.34e-09	273	215
168	59	7:96624257:A:T	rs2240294	7	96624257	4.82e-09	2	2
169	59	7:96629103:A:C	rs11768481	7	96629103	7e-10	7	4
170	60	7:99185406:C:T	rs12333760	7	99185406	1.44e-09	105	78
171	61	7:117496144:C:T	rs10233278	7	117496144	1.72e-08	23	19
172	61	7:117506763:C:T	rs7801539	7	117506763	3.36e-12	26	22
173	61	7:117510621:C:T	rs13239186	7	117510621	2.46e-12	26	21
174	61	7:117523709:A:G	rs10233018	7	117523709	2.75e-14	46	43
175	61	7:117542907:A:T	rs7790040	7	117542907	8.8e-09	39	32
176	62	7:133589846:A:G	rs10279261	7	133589846	5e-09	87	61
177	63	8:27344719:A:G	rs11780471	8	27344719	5.69e-12	4	4
178	63	8:27412953:A:G	rs7839435	8	27412953	2.26e-14	24	16
179	63	8:27423062:C:G	rs4732724	8	27423062	4.5e-08	2	2
180	63	8:27426057:A:G	rs75560813	8	27426057	4.78e-09	1	1
181	63	8:27426077:A:T	rs1565735	8	27426077	3.42e-17	14	10
182	63	8:27430572:A:C	rs7814146	8	27430572	7.12e-13	25	23
183	63	8:27438306:A:C	rs6558008	8	27438306	8.76e-11	3	2
184	63	8:27441010:C:T	rs7828131	8	27441010	3.58e-09	15	15
185	63	8:27442127:A:C	rs73229090	8	27442127	6.07e-17	13	9
186	63	8:27453762:C:T	rs11777131	8	27453762	7.42e-12	36	33
187	64	8:59806390:A:G	rs17230460	8	59806390	7.73e-12	23	18
188	64	8:59806936:A:G	rs17296353	8	59806936	4.83e-10	14	11
189	64	8:59814666:G:T	rs13261666	8	59814666	3.9e-14	46	43
190	65	8:65073605:A:G	rs12545053	8	65073605	2.43e-08	124	99
191	66	8:91995577:A:G	rs2631024	8	91995577	1.18e-08	253	194
192	67	8:92731459:C:T	rs11783331	8	92731459	2.61e-08	44	33
193	67	8:92760406:C:T	rs7835456	8	92760406	1.96e-08	149	119
194	67	8:92775386:C:G	rs10956809	8	92775386	6.32e-09	38	18
195	68	8:93190014:G:T	rs9987376	8	93190014	1.71e-11	24	20
196	68	8:93201036:C:T	rs1899896	8	93201036	1.04e-11	38	35
197	69	9:3014254:C:T	rs4543592	9	3014254	7.46e-10	30	25
198	70	9:8282399:C:T	rs7024924	9	8282399	3.96e-08	86	79
199	71	9:11081182:C:T	rs17234745	9	11081182	1.53e-08	88	69
200	72	9:86707289:A:G	rs2378662	9	86707289	4.16e-09	12	9
201	72	9:86728457:C:T	rs10780650	9	86728457	1.84e-08	20	14
202	72	9:86747297:C:T	rs1246292	9	86747297	1.36e-08	15	10
203	73	10:8803551:C:T	rs10905461	10	8803551	7.35e-09	100	76
204	74	10:21766969:C:G	rs10159545	10	21766969	1.84e-12	59	41
205	74	10:21771398:A:G	rs11012721	10	21771398	1.4e-08	13	12
206	74	10:22027644:A:G	rs2050905	10	22027644	2.36e-10	55	35
207	74	10:22032942:A:G	rs7072776	10	22032942	5.81e-11	182	138
208	74	10:22073214:C:G	rs11012787	10	22073214	8.91e-09	1	1
209	75	10:63674885:C:G	rs7921378	10	63674885	8.26e-13	30	23
210	76	10:103186838:A:G	rs7901883	10	103186838	7.98e-09	49	36
211	77	10:103960351:C:T	rs11594623	10	103960351	8.64e-11	28	25
212	77	10:103968547:A:G	rs12773990	10	103968547	8.15e-10	8	7
213	77	10:104140602:A:G	rs3781295	10	104140602	6.93e-10	102	74
214	77	10:104160959:C:T	rs11574851	10	104160959	1.67e-08	4	3
215	77	10:104208761:C:G	rs4919637	10	104208761	4.71e-10	25	17
216	77	10:104211058:C:G	rs3740417	10	104211058	2.86e-08	1	1
217	77	10:104328719:A:C	rs11593710	10	104328719	9.45e-09	160	122
218	77	10:104408272:A:C	rs12241712	10	104408272	4.86e-08	50	45
219	77	10:104413385:A:G	rs12764388	10	104413385	2.7e-13	2	1
220	77	10:104532828:A:G	rs12776506	10	104532828	1.02e-10	59	55
221	77	10:104563808:C:G	rs12356821	10	104563808	6.27e-15	49	41
222	77	10:104574422:A:G	rs284855	10	104574422	3.66e-09	50	44
223	77	10:104611764:A:C	rs12775431	10	104611764	2.58e-14	202	171
224	77	10:104635103:A:G	rs12764899	10	104635103	1.48e-11	35	26
225	77	10:104637548:C:T	rs11191435	10	104637548	3.3e-13	114	88
226	77	10:104640052:A:G	rs12244388	10	104640052	3.76e-14	191	148
227	77	10:104698209:A:G	rs11191467	10	104698209	1.61e-11	234	188
228	77	10:104850620:A:C	rs34758128	10	104850620	9.55e-10	15	15
229	77	10:104896563:A:G	rs1163248	10	104896563	2.61e-08	22	18
230	78	10:125680419:C:G	rs9423279	10	125680419	3.21e-08	1	1
231	79	11:7950797:A:G	rs4523689	11	7950797	1.55e-08	50	32
232	80	11:27600435:C:T	rs12577586	11	27600435	2.67e-08	49	36
233	80	11:27679916:C:T	rs6265	11	27679916	3.77e-12	49	40
234	80	11:27701365:A:G	rs10835211	11	27701365	7.05e-09	59	48
235	81	11:28652996:A:G	rs4275621	11	28652996	3.1e-09	188	158
236	82	11:85980958:A:G	rs7929518	11	85980958	1.56e-08	29	24
237	83	11:111889395:C:G	rs74373890	11	111889395	3.08e-09	17	15
238	83	11:111992273:A:G	rs117695734	11	111992273	3.84e-10	2	2
239	83	11:112045768:A:G	rs45439498	11	112045768	9.56e-09	4	2
240	84	11:112713857:G:T	rs17417989	11	112713857	6.95e-09	5	4
241	84	11:112788472:C:T	rs1447481	11	112788472	6.26e-15	1	1
242	84	11:112820469:A:G	rs2218618	11	112820469	3.59e-08	57	50
243	84	11:112834763:A:T	rs57715877	11	112834763	2.48e-17	20	14
244	84	11:112849405:A:G	rs4430547	11	112849405	1.27e-16	42	28
245	84	11:112861779:C:T	rs4456284	11	112861779	2.28e-11	36	25
246	84	11:112910976:A:G	rs73004672	11	112910976	1.52e-11	93	77
247	84	11:112911004:G:T	rs7938812	11	112911004	2.71e-33	124	110
248	84	11:112918985:A:G	rs12575544	11	112918985	1.52e-17	48	42
249	84	11:112926913:A:G	rs3016630	11	112926913	7.96e-24	62	53
250	84	11:113001310:A:G	rs7932647	11	113001310	1.19e-13	30	25
251	84	11:113034787:C:T	rs12272966	11	113034787	4.81e-09	48	43
252	84	11:113037493:A:C	rs11607865	11	113037493	9.63e-11	1	1
253	85	12:16748721:A:G	rs11057005	12	16748721	4.85e-09	12	10
254	86	12:56474480:A:G	rs4759229	12	56474480	3.62e-08	52	38
255	86	12:56508409:C:G	rs4759228	12	56508409	3.58e-08	2	2
256	87	12:69655167:A:G	rs7969559	12	69655167	7.31e-10	50	30
257	88	12:121062777:C:G	rs2097501	12	121062777	1.88e-08	7	6
258	89	12:121389500:C:T	rs1971318	12	121389500	7.06e-09	13	7
259	90	13:38357471:A:G	rs3904512	13	38357471	3.23e-09	64	56
260	91	13:66947124:A:T	rs9540729	13	66947124	3.82e-08	40	34
261	92	13:100548329:C:T	rs7322872	13	100548329	3.58e-09	4	4
262	92	13:100550434:A:G	rs9517909	13	100550434	2.56e-08	22	18
263	93	14:29500130:A:C	rs76214862	14	29500130	3.99e-08	173	129
264	94	15:47488977:C:T	rs715693	15	47488977	4.44e-08	58	49
265	94	15:47602517:A:T	rs4774493	15	47602517	1.93e-08	83	64
266	94	15:47614645:C:T	rs7169340	15	47614645	3.35e-08	16	14
267	94	15:47648808:A:G	rs1496922	15	47648808	3.43e-09	54	47
268	94	15:47660902:C:T	rs281279	15	47660902	1.36e-11	15	8
269	94	15:47676579:A:T	rs6493275	15	47676579	7.98e-14	44	39
270	94	15:47681552:A:G	rs281287	15	47681552	7.41e-15	114	92
271	94	15:47763726:C:T	rs8034783	15	47763726	3.74e-10	6	4
272	94	15:47821222:A:G	rs11070593	15	47821222	3.15e-10	78	69
273	94	15:47886897:A:G	rs12900091	15	47886897	4.34e-12	52	45
274	94	15:47886974:A:C	rs1369633	15	47886974	1.64e-09	49	42
275	94	15:47935843:A:G	rs1435741	15	47935843	2.64e-16	64	56
276	94	15:47986163:C:G	rs11070606	15	47986163	7.13e-09	21	19
277	95	15:83877931:G:T	rs12438298	15	83877931	1.32e-08	16	12
278	95	15:83914723:A:G	rs28801745	15	83914723	2.63e-08	232	192
279	95	15:83922387:A:C	rs12441907	15	83922387	1.06e-10	211	167
280	96	16:717085:C:T	rs7197072	16	717085	2.77e-09	88	74
281	97	16:17575065:C:T	rs12923427	16	17575065	4.44e-08	13	9
282	98	16:65604652:C:T	rs4785836	16	65604652	2.26e-08	17	13
283	99	17:2072949:A:G	rs11658881	17	2072949	2.43e-08	50	41
284	100	17:7795972:A:G	rs11078713	17	7795972	2.23e-08	10	9
285	101	17:30657058:C:T	rs7224742	17	30657058	1.43e-08	90	74
286	102	18:42659922:C:T	rs11873164	18	42659922	1.31e-08	31	29
287	103	18:50026142:C:G	rs6508144	18	50026142	7.97e-09	17	16
288	104	18:50863861:A:G	rs62098013	18	50863861	3.66e-08	129	107
289	105	18:72535282:A:G	rs11872397	18	72535282	1.43e-09	74	65
290	106	19:4386911:C:T	rs75177132	19	4386911	2.85e-08	3	3
291	106	19:4474725:A:C	rs76608582	19	4474725	1.94e-09	1	1
292	107	20:25195509:A:G	rs6050446	20	25195509	1.56e-08	12	9
293	107	20:25615202:C:T	rs1883526	20	25615202	4.06e-08	7	7
294	108	20:31093514:A:G	rs6141314	20	31093514	1.38e-08	45	38
295	108	20:31175258:A:T	rs1555445	20	31175258	3.65e-09	54	47
296	108	20:31392777:C:T	rs6058893	20	31392777	9.09e-09	122	93
297	109	20:54387374:C:T	rs56820925	20	54387374	1.73e-08	32	23
298	110	21:40555561:C:T	rs117143374	21	40555561	2.76e-08	8	8
299	111	22:28781758:C:T	rs134529	22	28781758	4.85e-08	68	55
