No	GenomicLocus	uniqID	rsID	chr	pos	p	nSNPs	nGWASSNPs
1	1	2:62981798:C:T	rs4671448	2	62981798	4.06e-08	10	8
2	1	2:63301164:A:G	rs6545977	2	63301164	2.98e-08	3	2
3	1	2:63373133:C:G	rs62180314	2	63373133	3.06e-12	279	236
4	1	2:63581819:A:G	rs6546000	2	63581819	8.54e-10	446	367
5	1	2:63622470:C:T	rs7599208	2	63622470	1.71e-12	92	74
6	2	2:225450161:C:G	rs3768886	2	225450161	7.37e-09	55	41
7	3	3:85698665:G:T	rs4321539	3	85698665	1.41e-10	91	80
8	3	3:85699040:C:G	rs11915747	3	85699040	3.83e-13	79	65
9	3	3:85819412:A:C	rs2325036	3	85819412	9.46e-09	47	41
10	4	4:2881256:G:T	rs624833	4	2881256	8.61e-09	170	135
11	4	4:2941988:C:T	rs2032463	4	2941988	3.01e-08	142	112
12	5	8:27164874:C:T	rs76694908	8	27164874	4.16e-09	25	20
13	5	8:27344719:A:G	rs11780471	8	27344719	7e-11	4	4
14	6	15:75360268:A:G	rs140485736	15	75360268	1.41e-08	1	1
15	7	17:31554533:A:G	rs319748	17	31554533	3.08e-08	68	60
