No	GenomicLocus	uniqID	rsID	chr	pos	p	nSNPs	nGWASSNPs
1	1	1:165119792:A:G	rs10753661	1	165119792	4.24e-08	9	9
2	2	1:173848808:A:G	rs28680958	1	173848808	9.78e-09	3	2
3	3	2:27541053:C:G	rs4665966	2	27541053	2.79e-08	129	107
4	3	2:27619049:C:G	rs1083864	2	27619049	6.1e-11	185	127
5	3	2:27635463:A:G	rs1728918	2	27635463	5.73e-23	1	1
6	3	2:27686480:A:G	rs67086575	2	27686480	1.5e-14	1	1
7	3	2:27718474:C:T	rs780090	2	27718474	2.87e-08	10	9
8	3	2:27730940:C:T	rs1260326	2	27730940	3.33e-33	18	12
9	3	2:27731212:C:T	rs3817588	2	27731212	1.36e-12	10	5
10	3	2:27761436:A:C	rs4665988	2	27761436	1.01e-15	53	42
11	3	2:27844601:G:T	rs1881396	2	27844601	9.03e-10	95	67
12	3	2:27895073:C:T	rs2178198	2	27895073	5.97e-09	8	8
13	3	2:27967260:C:G	rs13023194	2	27967260	4.78e-08	21	18
14	3	2:27988821:A:G	rs13013484	2	27988821	2.97e-08	155	130
15	4	2:44271496:C:T	rs75120545	2	44271496	7.59e-09	5	3
16	4	2:44298775:A:T	rs75199129	2	44298775	8.44e-09	3	3
17	5	2:45111054:C:T	rs508544	2	45111054	4.87e-09	1	1
18	5	2:45141180:C:T	rs494904	2	45141180	1.41e-14	13	13
19	5	2:45154908:A:G	rs528301	2	45154908	1.25e-15	37	33
20	5	2:45155276:C:T	rs13383034	2	45155276	5.05e-13	14	13
21	6	2:63269604:C:T	rs6739804	2	63269604	4.72e-10	75	62
22	6	2:63581507:A:G	rs13032049	2	63581507	5.95e-10	9	7
23	7	2:144200697:A:G	rs76217384	2	144200697	2.41e-08	8	7
24	7	2:144225215:A:C	rs13024996	2	144225215	2.08e-09	29	22
25	7	2:144270448:C:T	rs10204230	2	144270448	1.33e-08	24	21
26	7	2:144272376:C:T	rs4233567	2	144272376	3.83e-10	1	1
27	8	3:85044736:A:G	rs6549007	3	85044736	3.99e-08	18	15
28	8	3:85049088:A:G	rs1872552	3	85049088	1.83e-12	60	47
29	8	3:85082588:G:T	rs1016306	3	85082588	4.58e-10	8	5
30	8	3:85087623:C:G	rs2101344	3	85087623	1.1e-09	43	35
31	8	3:85144149:C:T	rs1994315	3	85144149	3.01e-09	110	89
32	8	3:85152987:C:T	rs4516626	3	85152987	1.92e-08	76	61
33	8	3:85264266:A:G	rs13078384	3	85264266	3.11e-10	11	7
34	8	3:85387310:A:T	rs9309973	3	85387310	4.31e-12	13	10
35	8	3:85394772:A:G	rs67028245	3	85394772	2.79e-08	3	1
36	8	3:85397006:A:G	rs9810508	3	85397006	1.17e-09	5	5
37	8	3:85397049:C:T	rs76508707	3	85397049	1.24e-09	5	3
38	8	3:85402011:G:T	rs66516423	3	85402011	1.05e-11	18	15
39	8	3:85403892:A:G	rs28732378	3	85403892	2.24e-14	134	105
40	8	3:85413180:C:T	rs12494242	3	85413180	2.81e-11	90	71
41	8	3:85593584:C:T	rs6780346	3	85593584	2.64e-13	554	421
42	8	3:85674372:A:G	rs7643091	3	85674372	1.83e-09	168	133
43	9	4:39238456:A:C	rs4974930	4	39238456	2.25e-16	4	4
44	9	4:39303101:C:T	rs7693837	4	39303101	1.22e-08	197	143
45	9	4:39337271:C:G	rs17288033	4	39337271	1.04e-09	1	1
46	9	4:39353826:A:T	rs6835022	4	39353826	1.01e-08	17	13
47	9	4:39355429:C:T	rs13143570	4	39355429	3.78e-21	52	40
48	9	4:39383810:C:T	rs113551298	4	39383810	1.06e-13	9	7
49	9	4:39397670:A:G	rs7662509	4	39397670	6.37e-31	33	26
50	9	4:39411407:C:T	rs62310819	4	39411407	1.3e-23	2	2
51	9	4:39413260:C:T	rs142803549	4	39413260	3.33e-15	1	1
52	9	4:39413650:A:T	rs58015370	4	39413650	1.67e-22	8	7
53	9	4:39413780:A:G	rs28712821	4	39413780	1.1e-46	31	24
54	9	4:39415355:A:T	rs6842549	4	39415355	2.44e-09	7	5
55	9	4:39419409:G:T	rs7674434	4	39419409	2.32e-12	8	8
56	9	4:39426325:C:T	rs6531716	4	39426325	5.55e-25	1	1
57	9	4:39428893:A:G	rs149348635	4	39428893	5.1e-10	6	4
58	9	4:39438149:A:G	rs2687963	4	39438149	1.45e-14	3	3
59	9	4:39439264:C:T	rs4975015	4	39439264	4.11e-12	3	3
60	9	4:39441161:C:T	rs2687962	4	39441161	1.65e-08	3	1
61	9	4:39445130:A:C	rs6816986	4	39445130	9.11e-11	1	1
62	9	4:39446337:A:T	rs6854452	4	39446337	1.87e-12	31	24
63	10	4:42117070:G:T	rs58352691	4	42117070	1.41e-08	21	20
64	10	4:42117559:A:G	rs16854020	4	42117559	4.82e-10	1	1
65	11	4:97497119:A:G	rs181004160	4	97497119	1.44e-08	12	12
66	11	4:98452892:A:T	rs144502847	4	98452892	9.21e-19	23	19
67	11	4:98979582:C:G	rs1727284	4	98979582	5.13e-11	6	3
68	11	4:99465096:A:G	rs143092959	4	99465096	3.42e-27	15	12
69	11	4:99499842:A:C	rs846008	4	99499842	2.79e-12	1	1
70	11	4:99567226:C:T	rs1919208	4	99567226	2.12e-31	4	4
71	11	4:99567918:C:T	rs114026228	4	99567918	1.21e-55	2	1
72	11	4:99619357:C:T	rs12507806	4	99619357	8.85e-10	14	14
73	11	4:99644166:C:T	rs62325470	4	99644166	7.78e-30	1	1
74	11	4:99666857:A:G	rs4699669	4	99666857	8.72e-09	3	3
75	11	4:99691047:A:G	rs71612659	4	99691047	8.63e-25	1	1
76	11	4:99704167:A:G	rs2141284	4	99704167	4.71e-44	2	2
77	11	4:99712384:A:G	rs34200603	4	99712384	3.28e-13	4	1
78	11	4:99713350:C:T	rs144198753	4	99713350	2.33e-77	2	2
79	11	4:99759132:A:G	rs4699680	4	99759132	5.9e-17	44	36
80	11	4:99873124:A:C	rs555253710	4	99873124	4.67e-16	7	6
81	11	4:99877402:G:T	rs1230148	4	99877402	5.08e-10	1	1
82	11	4:99941138:A:G	rs146788033	4	99941138	5.71e-66	2	2
83	11	4:100111004:A:T	rs148329623	4	100111004	3.45e-08	4	2
84	11	4:100122916:A:G	rs11733695	4	100122916	4.16e-73	4	4
85	11	4:100155470:A:G	rs1154431	4	100155470	7.85e-14	5	3
86	11	4:100239319:C:T	rs1229984	4	100239319	1.6e-203	1	1
87	11	4:100244221:A:G	rs3811802	4	100244221	5.03e-17	1	1
88	11	4:100250970:A:C	rs2173201	4	100250970	2.03e-14	110	80
89	11	4:100252560:C:T	rs3114045	4	100252560	4.3e-24	1	1
90	11	4:100253708:A:G	rs1154433	4	100253708	1.03e-24	153	123
91	11	4:100254520:A:G	rs10028756	4	100254520	1.98e-09	88	64
92	11	4:100262242:C:T	rs141973904	4	100262242	2.51e-91	10	8
93	11	4:100267672:A:G	rs283412	4	100267672	2.21e-13	9	9
94	11	4:100279889:A:G	rs78234152	4	100279889	2.18e-19	44	42
95	11	4:100281067:C:T	rs113909752	4	100281067	2.76e-21	14	13
96	11	4:100291120:A:C	rs1302808	4	100291120	1.36e-23	9	9
97	11	4:100292765:C:G	rs6843522	4	100292765	1.31e-09	1	1
98	11	4:100305393:A:G	rs10516440	4	100305393	2.67e-16	46	39
99	11	4:100307378:C:T	rs2851293	4	100307378	9.14e-09	23	21
100	11	4:100313350:A:G	rs114112910	4	100313350	1.93e-08	1	1
101	11	4:100414325:A:C	rs181163639	4	100414325	9.36e-16	117	100
102	11	4:100422845:A:G	rs112551978	4	100422845	1.6e-09	51	43
103	11	4:100673610:C:G	rs1593581	4	100673610	4.16e-12	27	1
104	11	4:100885120:C:T	rs148382129	4	100885120	5.81e-30	13	11
105	11	4:101006789:A:G	rs188967911	4	101006789	2.44e-11	2	2
106	11	4:101182767:C:G	rs188514326	4	101182767	6.22e-24	7	4
107	11	4:101235339:A:T	rs185527646	4	101235339	1.51e-08	15	10
108	12	4:102707791:A:G	rs17199964	4	102707791	2.2e-09	2	2
109	12	4:102921704:A:T	rs13127398	4	102921704	4.42e-10	6	5
110	12	4:103034391:A:G	rs13101632	4	103034391	9.93e-10	5	5
111	12	4:103112470:A:G	rs6855246	4	103112470	8.06e-13	4	4
112	12	4:103188709:C:T	rs13107325	4	103188709	1.23e-20	5	5
113	12	4:103283117:A:G	rs34333163	4	103283117	2.41e-12	19	14
114	12	4:103388441:C:T	rs230489	4	103388441	1.3e-09	1	1
115	13	4:143654889:A:G	rs331939	4	143654889	4.5e-09	184	147
116	13	4:143719760:A:C	rs72728661	4	143719760	4.6e-08	25	17
117	14	5:87854395:A:C	rs4916723	5	87854395	8.07e-09	27	24
118	15	5:155902003:G:T	rs55872084	5	155902003	1.98e-08	9	7
119	16	7:69066221:C:T	rs56302473	7	69066221	4.95e-08	316	250
120	16	7:69499944:C:T	rs13229395	7	69499944	2.64e-09	293	239
121	16	7:69783020:A:G	rs10085696	7	69783020	1.24e-10	204	165
122	17	7:103812171:A:G	rs2299409	7	103812171	4.8e-08	116	80
123	18	7:153489744:C:T	rs6951574	7	153489744	4.44e-11	105	59
124	19	8:126500031:C:G	rs28601761	8	126500031	7.6e-09	26	24
125	20	9:108755622:A:G	rs55932213	9	108755622	1.8e-08	1	1
126	21	11:27694241:C:G	rs2049045	11	27694241	3.97e-08	49	40
127	22	11:47406592:C:T	rs11039216	11	47406592	1.2e-11	175	140
128	22	11:47428565:C:T	rs4752999	11	47428565	2.03e-12	213	161
129	22	11:47871017:C:T	rs7950674	11	47871017	2.81e-11	212	153
130	23	11:113267218:A:C	rs10891547	11	113267218	5.36e-09	79	74
131	23	11:113315355:C:T	rs11214608	11	113315355	1.14e-08	48	45
132	23	11:113412443:A:C	rs4309187	11	113412443	1.37e-12	36	30
133	23	11:113413565:A:G	rs10891570	11	113413565	2.56e-09	30	25
134	23	11:113425468:A:G	rs7927693	11	113425468	1.9e-08	8	8
135	23	11:113447660:C:G	rs4936278	11	113447660	6.2e-09	12	12
136	23	11:113456292:A:G	rs7928223	11	113456292	3.88e-08	16	10
137	23	11:113638177:C:T	rs17613838	11	113638177	3.77e-08	7	4
138	23	11:113655696:A:G	rs17542254	11	113655696	8.96e-10	20	16
139	23	11:113660576:A:G	rs1713676	11	113660576	4e-08	34	30
140	24	11:116075001:A:C	rs4938230	11	116075001	1.57e-08	9	8
141	24	11:116079170:G:T	rs7106546	11	116079170	1.28e-08	43	35
142	25	11:121544285:C:T	rs682011	11	121544285	1.53e-08	28	16
143	26	12:92081800:A:G	rs1387766	12	92081800	4.79e-08	125	91
144	27	13:68117681:C:T	rs34704785	13	68117681	4.52e-08	109	91
145	28	14:57274519:C:G	rs1123285	14	57274519	1.36e-09	13	9
146	29	14:58724208:C:T	rs6573197	14	58724208	9.3e-09	131	94
147	30	14:94844947:C:T	rs28929474	14	94844947	2.39e-11	2	2
148	31	16:24810681:C:T	rs17177078	16	24810681	9.51e-10	6	5
149	32	16:28336882:C:T	rs2726034	16	28336882	1.06e-08	31	8
150	32	16:28489342:A:G	rs28374519	16	28489342	3.54e-08	1	1
151	32	16:28526897:C:T	rs153106	16	28526897	3.63e-12	381	237
152	32	16:28898793:C:T	rs6565259	16	28898793	2.43e-11	142	101
153	32	16:28993049:A:C	rs6565300	16	28993049	5.92e-10	23	18
154	33	16:30042677:G:T	rs3814877	16	30042677	1.07e-08	117	93
155	34	16:72338507:C:G	rs79616692	16	72338507	2.38e-09	3	3
156	35	16:73888597:A:C	rs2729613	16	73888597	4.2e-09	29	25
157	35	16:73911357:A:T	rs60063924	16	73911357	3.35e-08	12	9
158	35	16:73912503:C:T	rs11860773	16	73912503	8.35e-10	2	2
159	35	16:73912588:C:G	rs1104608	16	73912588	1.98e-09	1	1
160	36	16:85721809:C:G	rs13332432	16	85721809	5.94e-11	51	40
161	37	17:7733833:A:G	rs34121753	17	7733833	1.39e-08	6	5
162	38	17:43581752:C:T	rs1056009	17	43581752	8.05e-09	1	1
163	38	17:43651233:A:G	rs2696640	17	43651233	4.46e-09	26	6
164	38	17:43672331:G:T	rs1724418	17	43672331	2.49e-08	1	1
165	38	17:43744203:C:T	rs62053943	17	43744203	6.83e-10	3166	2010
166	38	17:43789710:C:G	rs113100008	17	43789710	5.06e-10	2	2
167	38	17:43798360:A:G	rs55938136	17	43798360	1.39e-15	1	1
168	38	17:43805194:G:T	rs9303521	17	43805194	5.92e-10	4	4
169	38	17:43813186:A:G	rs8067527	17	43813186	2.39e-08	8	8
170	38	17:43856458:A:G	rs35076622	17	43856458	1.48e-09	4	3
171	38	17:43934256:A:G	rs2316770	17	43934256	8.17e-09	7	7
172	38	17:44189067:A:G	rs7225002	17	44189067	1.98e-10	19	5
173	38	17:44189858:A:G	rs76640332	17	44189858	1.47e-18	3841	2256
174	38	17:44337760:A:G	rs35031964	17	44337760	7.23e-09	1	1
175	38	17:44753350:A:G	rs117300236	17	44753350	6.83e-11	73	50
176	38	17:44764775:A:C	rs199460	17	44764775	8.1e-11	3089	1915
177	38	17:44865439:G:T	rs2074404	17	44865439	9.22e-13	1850	1372
178	39	19:49187669:A:G	rs2098709	19	49187669	2.68e-09	9	7
179	39	19:49203829:C:T	rs35106244	19	49203829	1.39e-10	41	34
180	39	19:49206603:C:T	rs281377	19	49206603	8.49e-11	39	34
181	39	19:49224966:A:C	rs519757	19	49224966	1.12e-10	45	40
182	39	19:49244219:A:C	rs2307018	19	49244219	1.27e-11	59	52
183	39	19:49248730:A:G	rs838145	19	49248730	3.87e-16	71	61
184	39	19:49254573:A:T	rs838137	19	49254573	9.16e-10	1	1
185	39	19:49261368:C:T	rs739320	19	49261368	1.42e-13	9	6
186	39	19:49262500:A:G	rs2548957	19	49262500	6.88e-09	8	7
187	39	19:49279628:A:G	rs4802503	19	49279628	3.43e-08	1	1
188	40	20:25027630:A:G	rs6106989	20	25027630	3.81e-08	17	13
