No	GenomicLocus	uniqID	rsID	chr	pos	p	nSNPs	nGWASSNPs
1	1	1:154548521:C:G	rs2072659	1	154548521	1.71e-12	1	1
2	1	1:154548946:C:T	rs4292956	1	154548946	1.05e-08	12	11
3	2	3:16872929:C:T	rs2084533	3	16872929	1.22e-08	46	45
4	3	3:48935583:A:G	rs7431710	3	48935583	1.82e-09	197	143
5	4	4:67053769:C:T	rs11725618	4	67053769	4.67e-09	33	27
6	5	4:67891641:C:T	rs13141210	4	67891641	2.77e-08	123	105
7	6	6:26184102:A:G	rs7766641	6	26184102	3.2e-08	16	12
8	6	6:26214473:C:T	rs806798	6	26214473	2.48e-08	37	33
9	7	7:32271514:A:G	rs10269368	7	32271514	3.51e-11	14	14
10	7	7:32274979:C:T	rs10216007	7	32274979	6.58e-09	4	2
11	7	7:32333642:A:G	rs215600	7	32333642	1.1e-17	93	80
12	7	7:32349486:C:G	rs2893421	7	32349486	1.72e-08	64	49
13	7	7:32373878:C:T	rs6977196	7	32373878	1.49e-13	53	41
14	7	7:32399658:A:G	rs215702	7	32399658	7.96e-10	32	26
15	7	7:32446459:C:G	rs10236370	7	32446459	4.9e-09	8	8
16	8	8:27418040:A:C	rs2741351	8	27418040	2.44e-08	6	3
17	8	8:27426077:A:T	rs1565735	8	27426077	1.05e-08	14	10
18	8	8:27442127:A:C	rs73229090	8	27442127	2.44e-10	13	9
19	9	8:42504008:A:G	rs56737752	8	42504008	4.59e-09	3	2
20	9	8:42509597:A:G	rs1376442	8	42509597	1.06e-11	8	8
21	9	8:42513442:C:T	rs11777653	8	42513442	7.21e-12	8	6
22	9	8:42517735:C:T	rs28441235	8	42517735	1.37e-14	6	6
23	9	8:42532957:C:G	rs11782372	8	42532957	1.56e-16	16	13
24	9	8:42574596:C:T	rs11783289	8	42574596	4.89e-20	18	14
25	9	8:42579203:C:T	rs58379124	8	42579203	9e-25	72	58
26	9	8:42602668:A:T	rs60749569	8	42602668	1.62e-15	5	5
27	9	8:42609001:C:T	rs77990632	8	42609001	2.26e-08	4	3
28	9	8:42612683:C:T	rs7002242	8	42612683	1.3e-13	30	24
29	9	8:42646055:A:G	rs4567031	8	42646055	1.79e-21	79	60
30	9	8:42704925:A:T	rs10087388	8	42704925	2.14e-08	13	11
31	9	8:43031546:C:T	rs117260200	8	43031546	2.21e-09	33	22
32	9	8:43112935:C:G	rs2199889	8	43112935	1.39e-09	32	24
33	9	8:43366025:C:T	rs9298635	8	43366025	6.48e-09	23	18
34	10	8:64392460:C:T	rs10504364	8	64392460	1.08e-09	60	48
35	10	8:64511275:C:T	rs10110699	8	64511275	4.26e-10	14	9
36	10	8:64604218:A:C	rs790564	8	64604218	3.97e-11	143	119
37	10	8:64842662:A:G	rs6982915	8	64842662	4.18e-08	127	107
38	11	9:136440362:A:G	rs113048552	9	136440362	1.02e-09	3	1
39	11	9:136460224:A:G	rs56116178	9	136460224	7.23e-15	16	14
40	11	9:136462124:C:T	rs7848286	9	136462124	8.04e-09	5	5
41	11	9:136484292:C:T	rs7872903	9	136484292	5.92e-13	2	2
42	11	9:136486764:C:T	rs11791358	9	136486764	1.01e-08	1	1
43	11	9:136493182:A:C	rs2519764	9	136493182	4.07e-08	12	9
44	11	9:136502369:C:T	rs3025383	9	136502369	2.22e-16	8	8
45	11	9:136503819:C:T	rs2007153	9	136503819	3.79e-09	4	4
46	11	9:136509451:C:T	rs1611127	9	136509451	3.25e-08	8	7
47	11	9:136512071:C:G	rs2797854	9	136512071	4.49e-08	1	1
48	12	11:15993057:A:G	rs4539287	11	15993057	1.46e-08	78	60
49	12	11:16231392:G:T	rs2118359	11	16231392	7.52e-11	3	3
50	12	11:16284616:A:T	rs11023894	11	16284616	7.36e-09	34	32
51	12	11:16329009:C:T	rs297367	11	16329009	2.77e-09	19	17
52	12	11:16377044:C:T	rs7951365	11	16377044	6.63e-11	13	11
53	13	11:46465361:C:T	rs75494138	11	46465361	1.45e-08	31	26
54	14	11:113448762:A:C	rs7928017	11	113448762	3.14e-09	12	12
55	15	15:59155050:A:G	rs632811	15	59155050	1.03e-08	35	30
56	16	15:78674015:A:G	rs2869037	15	78674015	3.68e-10	10	2
57	16	15:78681002:A:G	rs2002403	15	78681002	1.52e-13	2	1
58	16	15:78709937:C:T	rs12913946	15	78709937	2.07e-09	3	3
59	16	15:78711803:G:T	rs2869030	15	78711803	3.5e-41	6	4
60	16	15:78711994:A:G	rs143127868	15	78711994	6.46e-11	3	2
61	16	15:78723347:A:G	rs12916769	15	78723347	1.65e-12	15	11
62	16	15:78723411:G:T	rs2656058	15	78723411	2.15e-22	19	16
63	16	15:78724469:C:T	rs1394371	15	78724469	2.61e-119	31	24
64	16	15:78750388:A:T	rs78385743	15	78750388	2.65e-23	2	2
65	16	15:78751962:G:T	rs12442456	15	78751962	1.51e-45	1	1
66	16	15:78774737:A:G	rs16969892	15	78774737	6.52e-09	1	1
67	16	15:78775472:G:T	rs55786254	15	78775472	4.87e-10	4	3
68	16	15:78792527:C:T	rs1062980	15	78792527	4.26e-93	26	21
69	16	15:78797463:A:T	rs9672608	15	78797463	6.45e-95	75	65
70	16	15:78800416:A:G	rs6495304	15	78800416	7.69e-11	1	1
71	16	15:78802641:A:G	rs186615421	15	78802641	4.85e-12	5	5
72	16	15:78806023:C:T	rs8034191	15	78806023	4.8e-211	87	67
73	16	15:78808235:A:T	rs5022780	15	78808235	4.23e-27	153	118
74	16	15:78816130:A:G	rs147760547	15	78816130	1.66e-18	3	3
75	16	15:78818072:C:T	rs187618975	15	78818072	6.77e-09	3	2
76	16	15:78825917:A:G	rs3885951	15	78825917	1.13e-35	1	1
77	16	15:78832349:C:T	rs56117933	15	78832349	3.87e-109	1	1
78	16	15:78833581:A:C	rs141607049	15	78833581	3.67e-12	1	1
79	16	15:78837381:G:T	rs117422252	15	78837381	2.64e-08	2	2
80	16	15:78839677:A:C	rs137868760	15	78839677	3.95e-09	1	1
81	16	15:78841353:C:T	rs1052035	15	78841353	4.32e-16	2	2
82	16	15:78849002:C:T	rs376499689	15	78849002	1.68e-39	5	2
83	16	15:78851724:A:G	rs72740960	15	78851724	9.49e-12	6	4
84	16	15:78859918:C:G	rs117994199	15	78859918	1.63e-10	3	3
85	16	15:78864024:C:T	rs56219480	15	78864024	3.83e-16	3	3
86	16	15:78880752:A:G	rs2229961	15	78880752	1.17e-18	4	3
87	16	15:78884553:A:C	rs76474922	15	78884553	5.86e-60	4	3
88	16	15:78892421:A:T	rs189302121	15	78892421	1.29e-14	8	8
89	16	15:78892513:C:T	rs112272197	15	78892513	4.26e-19	3	2
90	16	15:78907736:A:G	rs12443170	15	78907736	1.71e-48	2	1
91	16	15:78908154:C:G	rs8043009	15	78908154	1.12e-123	78	61
92	16	15:78918762:C:G	rs62010332	15	78918762	3.52e-19	77	55
93	16	15:78928399:A:G	rs67175876	15	78928399	1.21e-78	16	15
94	16	15:78928946:G:T	rs11636753	15	78928946	4.69e-21	12	10
95	16	15:78947306:C:T	rs138717458	15	78947306	2.2e-08	2	2
96	16	15:78948152:A:G	rs7181405	15	78948152	2.41e-29	69	44
97	16	15:78952697:C:T	rs11072774	15	78952697	1.22e-55	10	8
98	16	15:78953376:A:G	rs75106522	15	78953376	1.79e-12	11	9
99	16	15:78953785:C:T	rs17487514	15	78953785	5.14e-56	1	1
100	16	15:78953924:C:T	rs143527274	15	78953924	4.2e-09	1	1
101	16	15:78973356:C:T	rs8043105	15	78973356	3.46e-29	8	7
102	16	15:78978554:C:T	rs73467256	15	78978554	6.93e-10	1	1
103	16	15:78985317:A:G	rs28661610	15	78985317	3.22e-28	135	91
104	16	15:78998026:C:T	rs181245075	15	78998026	6.66e-09	3	3
105	16	15:79004643:A:G	rs12592823	15	79004643	4.66e-22	3	3
106	16	15:79004705:A:G	rs140635457	15	79004705	4.3e-12	4	3
107	16	15:79008966:A:G	rs72745113	15	79008966	4.43e-11	1	1
108	16	15:79019610:G:T	rs3813565	15	79019610	3.02e-85	180	93
109	16	15:79031357:A:G	rs12906847	15	79031357	1.61e-25	120	73
110	16	15:79033110:A:G	rs117670238	15	79033110	6.17e-15	3	3
111	16	15:79042734:A:T	rs12905116	15	79042734	3.45e-22	86	50
112	16	15:79043393:A:G	rs3861180	15	79043393	8.05e-10	7	6
113	16	15:79046329:C:T	rs147154214	15	79046329	2.28e-10	6	3
114	16	15:79051716:A:G	rs184659738	15	79051716	1.19e-14	3	2
115	16	15:79052135:C:T	rs12438734	15	79052135	9.49e-20	1	1
116	16	15:79057455:A:C	rs117541407	15	79057455	2.69e-11	1	1
117	16	15:79064360:A:C	rs2869876	15	79064360	7.24e-15	43	34
118	16	15:79066932:A:G	rs12900168	15	79066932	6.38e-52	1	1
119	16	15:79067055:C:T	rs2277549	15	79067055	1.31e-41	1	1
120	16	15:79067452:A:G	rs139648962	15	79067452	2.54e-21	3	2
121	16	15:79067669:C:T	rs7171045	15	79067669	1.69e-24	85	51
122	16	15:79070000:C:T	rs62012628	15	79070000	5.56e-17	37	24
123	16	15:79070182:C:T	rs12907535	15	79070182	8.31e-22	1	1
124	16	15:79083280:C:T	rs117189732	15	79083280	3.04e-20	1	1
125	16	15:79083814:C:T	rs11639044	15	79083814	8.62e-60	109	66
126	16	15:79084680:A:G	rs12438008	15	79084680	3.7e-18	18	17
127	16	15:79085032:C:G	rs117338136	15	79085032	1.22e-12	1	1
128	16	15:79099026:C:G	rs8038189	15	79099026	1.61e-23	25	20
129	16	15:79106848:C:G	rs62010961	15	79106848	1.06e-12	2	1
130	16	15:79107355:A:G	rs12907065	15	79107355	9.77e-35	79	72
131	16	15:79110783:C:T	rs77719127	15	79110783	1.31e-29	3	3
132	16	15:79125155:A:G	rs74024464	15	79125155	2.63e-09	3	3
133	16	15:79126155:C:T	rs8034274	15	79126155	8.59e-42	136	117
134	16	15:79128030:C:T	rs6495338	15	79128030	8.69e-18	23	19
135	16	15:79130424:A:G	rs7403155	15	79130424	1.41e-31	63	57
136	16	15:79133026:C:T	rs6495341	15	79133026	1.3e-28	58	48
137	16	15:79140191:C:T	rs146722791	15	79140191	1.61e-13	1	1
138	16	15:79149002:C:T	rs57496361	15	79149002	4.56e-10	8	5
139	16	15:79164636:C:T	rs79409323	15	79164636	8.1e-13	2	2
140	16	15:79168040:A:G	rs72749233	15	79168040	2.63e-10	12	7
141	16	15:79173005:A:G	rs17832351	15	79173005	9.7e-18	17	14
142	16	15:79198760:G:T	rs76164573	15	79198760	3.78e-08	1	1
143	16	15:79211424:C:T	rs147125452	15	79211424	3.21e-13	3	2
144	16	15:79236349:A:G	rs186548931	15	79236349	6.27e-09	2	2
145	17	16:52074123:A:C	rs2386571	16	52074123	1.03e-08	52	42
146	18	16:89715648:A:G	rs2437957	16	89715648	1.9e-09	86	67
147	18	16:89772619:A:G	rs4785587	16	89772619	1.27e-09	29	19
148	18	16:89780090:C:T	rs12149952	16	89780090	1.48e-08	91	67
149	19	19:4060707:C:G	rs895330	19	4060707	2.68e-08	26	19
150	20	19:41068250:A:G	rs116858225	19	41068250	1.58e-08	2	1
151	20	19:41114065:G:T	rs2303728	19	41114065	4.75e-10	14	12
152	20	19:41120083:A:T	rs2369006	19	41120083	4.03e-08	4	4
153	20	19:41125846:A:G	rs78148277	19	41125846	1.7e-12	1	1
154	20	19:41147697:C:T	rs2561566	19	41147697	1.1e-11	3	3
155	20	19:41148797:C:G	rs10408947	19	41148797	8.38e-12	1	1
156	20	19:41163679:C:T	rs4803354	19	41163679	3.91e-08	34	25
157	20	19:41164384:A:T	rs2561558	19	41164384	8.47e-13	8	6
158	20	19:41172688:C:T	rs111769937	19	41172688	3.87e-08	3	2
159	20	19:41195170:C:T	rs66500423	19	41195170	1.3e-13	2	1
160	20	19:41198457:A:G	rs117003019	19	41198457	2.89e-14	2	1
161	20	19:41207206:C:G	rs4803356	19	41207206	8.81e-21	1	1
162	20	19:41208128:C:T	rs2561534	19	41208128	1.09e-12	1	1
163	20	19:41209477:C:T	rs11538385	19	41209477	7.26e-09	17	13
164	20	19:41224457:C:T	rs73045499	19	41224457	2.36e-08	2	2
165	20	19:41230611:C:T	rs143697240	19	41230611	8.03e-09	2	2
166	20	19:41255768:C:T	rs4802088	19	41255768	1.25e-12	76	67
167	20	19:41267073:C:T	rs116980959	19	41267073	1.56e-12	1	1
168	20	19:41297615:C:T	rs2604909	19	41297615	3.47e-11	19	19
169	20	19:41302706:C:T	rs7937	19	41302706	1.44e-25	10	8
170	20	19:41302949:G:T	rs2644899	19	41302949	7.08e-20	21	19
171	20	19:41316898:C:T	rs35061187	19	41316898	1.48e-11	26	17
172	20	19:41321074:C:G	rs147893869	19	41321074	3.48e-24	45	34
173	20	19:41324392:A:G	rs11671669	19	41324392	1.82e-22	1	1
174	20	19:41326426:C:G	rs4803373	19	41326426	6.87e-19	5	3
175	20	19:41330179:G:T	rs7507400	19	41330179	2.58e-13	1	1
176	20	19:41334371:C:T	rs2644891	19	41334371	1.62e-20	11	5
177	20	19:41335066:C:T	rs7255471	19	41335066	2.3e-31	5	3
178	20	19:41336795:C:T	rs11670760	19	41336795	1.71e-18	4	2
179	20	19:41340983:C:T	rs11667314	19	41340983	4.75e-46	15	7
180	20	19:41343544:A:G	rs12985907	19	41343544	6.76e-22	3	2
181	20	19:41347991:C:T	rs117149422	19	41347991	1.65e-14	1	1
182	20	19:41353107:C:T	rs56113850	19	41353107	1.1e-81	12	7
183	20	19:41353897:G:T	rs55921593	19	41353897	3.62e-40	32	22
184	20	19:41355195:C:G	rs7250713	19	41355195	7.14e-33	13	7
185	20	19:41356379:A:C	rs28399433	19	41356379	2.47e-25	14	11
186	20	19:41357795:A:T	rs111822043	19	41357795	2.75e-29	6	6
187	20	19:41363898:C:T	rs8105704	19	41363898	2.43e-29	28	13
188	20	19:41371458:C:T	rs111240159	19	41371458	8.14e-09	3	3
189	20	19:41371480:A:G	rs117824460	19	41371480	3.53e-39	3	2
190	20	19:41375102:C:T	rs4570984	19	41375102	2.4e-16	2	1
191	20	19:41376071:A:G	rs11083574	19	41376071	2.76e-11	19	10
192	20	19:41376777:A:G	rs12151196	19	41376777	6.98e-12	5	2
193	20	19:41383115:A:G	rs111390860	19	41383115	2.25e-12	3	3
194	20	19:41390520:A:G	rs181295497	19	41390520	3.24e-08	1	1
195	20	19:41394497:C:T	rs143159215	19	41394497	2.8e-08	7	5
196	20	19:41412192:C:T	rs184589612	19	41412192	1.97e-22	22	21
197	20	19:41415112:A:T	rs3844442	19	41415112	5.35e-12	8	7
198	20	19:41417727:A:G	rs10425738	19	41417727	1.28e-16	25	19
199	20	19:41425598:A:G	rs140946384	19	41425598	1.09e-14	1	1
200	20	19:41428105:A:G	rs28417358	19	41428105	8.55e-11	23	17
201	20	19:41447492:C:T	rs73038475	19	41447492	7.43e-09	3	2
202	20	19:41449455:A:T	rs11083593	19	41449455	2.75e-11	51	39
203	20	19:41449922:C:T	rs3852875	19	41449922	4.3e-10	11	8
204	20	19:41483194:C:T	rs147015122	19	41483194	5.78e-09	2	2
205	20	19:41484602:G:T	rs12971445	19	41484602	1.25e-12	47	32
206	20	19:41511306:A:G	rs115994486	19	41511306	1.63e-08	79	65
207	20	19:41514040:G:T	rs7260538	19	41514040	3.26e-08	35	28
208	20	19:41525655:A:G	rs1552220	19	41525655	4.52e-14	10	8
209	21	20:31047533:A:G	rs2424888	20	31047533	2.76e-09	108	78
210	21	20:31093514:A:G	rs6141314	20	31093514	1.38e-08	45	38
211	22	20:61979793:A:G	rs6062899	20	61979793	6.86e-10	10	6
212	22	20:61986949:C:T	rs2273500	20	61986949	2.47e-18	5	3
213	22	20:61987822:C:T	rs2273502	20	61987822	3.2e-08	22	17
214	22	20:61991354:C:G	rs45568238	20	61991354	7.77e-09	1	1
215	22	20:61991833:C:T	rs45497800	20	61991833	1.52e-11	10	7
216	22	20:61992285:A:C	rs11698563	20	61992285	3.18e-09	1	1
